0.0000000000,0.0000000000,0.0000000000,672.15,69,0.00
0.0000000000,0.0000000000,0.0000000000,671.88,73,0.00
0.0000000000,0.0000000000,0.0000000000,671.79,71,0.00
0.0000000000,0.0000000000,0.0000000000,671.52,71,0.00
0.0000000000,0.0000000000,0.0000000000,672.15,73,0.00
0.0000000000,0.0000000000,0.0000000000,672.06,73,0.00
0.0000000000,0.0000000000,0.0000000000,671.88,72,0.00
0.0000000000,0.0000000000,0.0000000000,670.90,72,0.00
0.0000000000,0.0000000000,0.0000000000,671.17,70,0.00
0.0000000000,0.0000000000,0.0000000000,670.46,75,0.00
0.0000000000,0.0000000000,0.0000000000,670.37,72,0.00
0.0000000000,0.0000000000,0.0000000000,670.99,72,0.00
0.0000000000,0.0000000000,0.0000000000,671.17,72,0.00
0.0000000000,0.0000000000,0.0000000000,671.35,71,0.00
0.0000000000,0.0000000000,0.0000000000,671.08,72,0.00
0.0000000000,0.0000000000,0.0000000000,670.90,74,0.00
0.0000000000,0.0000000000,0.0000000000,671.44,72,0.00
0.0000000000,0.0000000000,0.0000000000,671.61,73,0.00
0.0000000000,0.0000000000,0.0000000000,671.44,72,0.00
0.0000000000,0.0000000000,0.0000000000,671.35,72,0.00
0.0000000000,0.0000000000,0.0000000000,671.70,75,0.00
0.0000000000,0.0000000000,0.0000000000,671.70,75,0.00
0.0000000000,0.0000000000,0.0000000000,671.17,74,0.00
0.0000000000,0.0000000000,0.0000000000,670.99,73,0.00
0.0000000000,0.0000000000,0.0000000000,670.72,76,0.00
0.0000000000,0.0000000000,0.0000000000,670.99,75,0.00
0.0000000000,0.0000000000,0.0000000000,670.99,71,0.00
0.0000000000,0.0000000000,0.0000000000,671.26,65,0.00
0.0000000000,0.0000000000,0.0000000000,671.17,44,0.00
0.0000000000,0.0000000000,0.0000000000,671.17,50,0.00
0.0000000000,0.0000000000,0.0000000000,670.99,28,0.00
0.0000000000,0.0000000000,0.0000000000,671.70,17,0.00
0.0000000000,0.0000000000,0.0000000000,671.35,30,0.00
0.0000000000,0.0000000000,0.0000000000,671.61,1,0.00
0.0000000000,0.0000000000,0.0000000000,671.52,24,0.00
0.0000000000,0.0000000000,0.0000000000,671.35,54,0.00
0.0000000000,0.0000000000,0.0000000000,671.26,5,0.00
0.0000000000,0.0000000000,0.0000000000,671.97,1,0.00
0.0000000000,0.0000000000,0.0000000000,672.59,37,0.00
0.0000000000,0.0000000000,0.0000000000,672.50,1,0.00
0.0000000000,0.0000000000,0.0000000000,672.06,34,0.00
0.0000000000,0.0000000000,0.0000000000,672.41,22,0.00
0.0000000000,0.0000000000,0.0000000000,672.77,30,0.00
0.0000000000,0.0000000000,0.0000000000,673.30,30,0.00
0.0000000000,0.0000000000,0.0000000000,672.59,28,0.00
0.0000000000,0.0000000000,0.0000000000,672.41,27,0.00
0.0000000000,0.0000000000,0.0000000000,672.77,42,0.00
0.0000000000,0.0000000000,0.0000000000,672.77,22,0.00
0.0000000000,0.0000000000,0.0000000000,672.59,44,0.00
0.0000000000,0.0000000000,0.0000000000,672.32,9,0.00
0.0000000000,0.0000000000,0.0000000000,672.59,8,0.00
0.0000000000,0.0000000000,0.0000000000,672.50,13,0.00
0.0000000000,0.0000000000,0.0000000000,672.50,5,0.00
0.0000000000,0.0000000000,0.0000000000,672.24,7,0.00
0.0000000000,0.0000000000,0.0000000000,671.52,5,0.00
0.0000000000,0.0000000000,0.0000000000,672.15,9,0.00
0.0000000000,0.0000000000,0.0000000000,671.79,4,0.00
0.0000000000,0.0000000000,0.0000000000,672.06,5,0.00
0.0000000000,0.0000000000,0.0000000000,671.97,5,0.00
0.0000000000,0.0000000000,0.0000000000,671.35,15,0.00
0.0000000000,0.0000000000,0.0000000000,671.61,15,0.00
0.0000000000,0.0000000000,0.0000000000,671.61,9,0.00
0.0000000000,0.0000000000,0.0000000000,671.61,18,0.00
0.0000000000,0.0000000000,0.0000000000,671.26,5,0.00
0.0000000000,0.0000000000,0.0000000000,670.81,5,0.00
0.0000000000,0.0000000000,0.0000000000,671.61,15,0.00
0.0000000000,0.0000000000,0.0000000000,671.61,35,0.00
0.0000000000,0.0000000000,0.0000000000,671.79,27,0.00
0.0000000000,0.0000000000,0.0000000000,670.90,18,0.00
0.0000000000,0.0000000000,0.0000000000,671.52,7,0.00
0.0000000000,0.0000000000,0.0000000000,671.08,39,0.00
0.0000000000,0.0000000000,0.0000000000,671.35,9,0.00
0.0000000000,0.0000000000,0.0000000000,671.26,28,0.00
0.0000000000,0.0000000000,0.0000000000,670.81,10,0.00
0.0000000000,0.0000000000,0.0000000000,671.35,1,0.00
0.0000000000,0.0000000000,0.0000000000,670.90,28,0.00
0.0000000000,0.0000000000,0.0000000000,670.81,1,0.00
0.0000000000,0.0000000000,0.0000000000,671.26,5,0.00
0.0000000000,0.0000000000,0.0000000000,671.26,5,0.00
0.0000000000,0.0000000000,0.0000000000,670.72,39,0.00
0.0000000000,0.0000000000,0.0000000000,670.55,42,0.00
0.0000000000,0.0000000000,0.0000000000,670.55,7,0.00
0.0000000000,0.0000000000,0.0000000000,670.72,24,0.00
0.0000000000,0.0000000000,0.0000000000,670.37,29,0.00
0.0000000000,0.0000000000,0.0000000000,671.26,22,0.00
0.0000000000,0.0000000000,0.0000000000,671.44,9,0.00
0.0000000000,0.0000000000,0.0000000000,672.06,9,0.00
0.0000000000,0.0000000000,0.0000000000,671.79,5,0.00
0.0000000000,0.0000000000,0.0000000000,672.50,4,0.00
0.0000000000,0.0000000000,0.0000000000,672.68,7,0.00
0.0000000000,0.0000000000,0.0000000000,672.15,80,0.00
0.0000000000,0.0000000000,0.0000000000,672.41,69,0.00
0.0000000000,0.0000000000,0.0000000000,672.59,75,0.00
0.0000000000,0.0000000000,0.0000000000,672.50,75,0.00
0.0000000000,0.0000000000,0.0000000000,672.77,76,0.00
0.0000000000,0.0000000000,0.0000000000,672.95,76,0.00
0.0000000000,0.0000000000,0.0000000000,672.86,72,0.00
0.0000000000,0.0000000000,0.0000000000,673.12,74,0.00
0.0000000000,0.0000000000,0.0000000000,672.06,73,0.00
0.0000000000,0.0000000000,0.0000000000,672.95,76,0.00
0.0000000000,0.0000000000,0.0000000000,672.68,73,0.00
0.0000000000,0.0000000000,0.0000000000,673.21,76,0.00
0.0000000000,0.0000000000,0.0000000000,673.21,73,0.00
0.0000000000,0.0000000000,0.0000000000,672.68,74,0.00
0.0000000000,0.0000000000,0.0000000000,672.50,75,0.00
0.0000000000,0.0000000000,0.0000000000,672.77,75,0.00
0.0000000000,0.0000000000,0.0000000000,672.86,77,0.00
0.0000000000,0.0000000000,0.0000000000,672.86,73,0.00
0.0000000000,0.0000000000,0.0000000000,672.24,77,0.00
0.0000000000,0.0000000000,0.0000000000,672.59,76,0.00
0.0000000000,0.0000000000,0.0000000000,672.59,74,0.00
0.0000000000,0.0000000000,0.0000000000,673.21,75,0.00
0.0000000000,0.0000000000,0.0000000000,672.77,77,0.00
0.0000000000,0.0000000000,0.0000000000,673.21,76,0.00
0.0000000000,0.0000000000,0.0000000000,673.03,75,0.00
0.0000000000,0.0000000000,0.0000000000,672.24,74,0.00
0.0000000000,0.0000000000,0.0000000000,673.12,76,0.00
0.0000000000,0.0000000000,0.0000000000,673.30,74,0.00
0.0000000000,0.0000000000,0.0000000000,673.03,76,0.00
0.0000000000,0.0000000000,0.0000000000,672.86,74,0.00
0.0000000000,0.0000000000,0.0000000000,672.95,73,0.00
0.0000000000,0.0000000000,0.0000000000,673.30,75,0.00
0.0000000000,0.0000000000,0.0000000000,673.03,75,0.00
0.0000000000,0.0000000000,0.0000000000,672.86,75,0.00
0.0000000000,0.0000000000,0.0000000000,673.12,73,0.00
0.0000000000,0.0000000000,0.0000000000,673.30,75,0.00
0.0000000000,0.0000000000,0.0000000000,673.21,75,0.00
0.0000000000,0.0000000000,0.0000000000,673.03,72,0.00
0.0000000000,0.0000000000,0.0000000000,673.12,71,0.00
0.0000000000,0.0000000000,0.0000000000,673.57,121,0.00
0.0000000000,0.0000000000,0.0000000000,672.68,28,0.00
0.0000000000,0.0000000000,0.0000000000,672.50,40,0.00
0.0000000000,0.0000000000,0.0000000000,672.86,32,0.00
0.0000000000,0.0000000000,0.0000000000,672.95,19,0.00
0.0000000000,0.0000000000,0.0000000000,673.21,10,0.00
0.0000000000,0.0000000000,0.0000000000,673.21,13,0.00
0.0000000000,0.0000000000,0.0000000000,672.86,18,0.00
0.0000000000,0.0000000000,0.0000000000,672.95,25,0.00
0.0000000000,0.0000000000,0.0000000000,672.77,15,0.00
0.0000000000,0.0000000000,0.0000000000,673.39,23,0.00
0.0000000000,0.0000000000,0.0000000000,673.57,37,0.00
0.0000000000,0.0000000000,0.0000000000,673.75,40,0.00
0.0000000000,0.0000000000,0.0000000000,673.48,20,0.00
0.0000000000,0.0000000000,0.0000000000,673.92,20,0.00
0.0000000000,0.0000000000,0.0000000000,674.01,22,0.00
0.0000000000,0.0000000000,0.0000000000,673.75,9,0.00
0.0000000000,0.0000000000,0.0000000000,673.57,15,0.00
0.0000000000,0.0000000000,0.0000000000,674.46,15,0.00
0.0000000000,0.0000000000,0.0000000000,674.28,18,0.00
0.0000000000,0.0000000000,0.0000000000,674.72,10,0.00
0.0000000000,0.0000000000,0.0000000000,675.17,15,0.00
0.0000000000,0.0000000000,0.0000000000,675.61,19,0.00
0.0000000000,0.0000000000,0.0000000000,675.35,19,0.00
0.0000000000,0.0000000000,0.0000000000,675.26,19,0.00
0.0000000000,0.0000000000,0.0000000000,675.08,22,0.00
0.0000000000,0.0000000000,0.0000000000,675.52,19,0.00
0.0000000000,0.0000000000,0.0000000000,675.08,35,0.00
0.0000000000,0.0000000000,0.0000000000,675.17,28,0.00
0.0000000000,0.0000000000,0.0000000000,675.43,37,0.00
0.0000000000,0.0000000000,0.0000000000,675.70,50,0.00
0.0000000000,0.0000000000,0.0000000000,675.70,38,0.00
0.0000000000,0.0000000000,0.0000000000,676.15,33,0.00
0.0000000000,0.0000000000,0.0000000000,675.35,25,0.00
0.0000000000,0.0000000000,0.0000000000,675.26,24,0.00
0.0000000000,0.0000000000,0.0000000000,675.17,29,0.00
0.0000000000,0.0000000000,0.0000000000,674.99,25,0.00
0.0000000000,0.0000000000,0.0000000000,674.55,27,0.00
0.0000000000,0.0000000000,0.0000000000,674.28,29,0.00
0.0000000000,0.0000000000,0.0000000000,674.37,33,0.00
0.0000000000,0.0000000000,0.0000000000,674.55,30,0.00
0.0000000000,0.0000000000,0.0000000000,674.72,29,0.00
0.0000000000,0.0000000000,0.0000000000,674.55,33,0.00
0.0000000000,0.0000000000,0.0000000000,674.55,33,0.00
0.0000000000,0.0000000000,0.0000000000,674.55,32,0.00
0.0000000000,0.0000000000,0.0000000000,674.90,29,0.00
0.0000000000,0.0000000000,0.0000000000,674.72,29,0.00
0.0000000000,0.0000000000,0.0000000000,674.81,30,0.00
0.0000000000,0.0000000000,0.0000000000,674.63,28,0.00
0.0000000000,0.0000000000,0.0000000000,674.90,28,0.00
0.0000000000,0.0000000000,0.0000000000,674.90,27,0.00
0.0000000000,0.0000000000,0.0000000000,675.08,32,0.00
0.0000000000,0.0000000000,0.0000000000,674.90,28,0.00
0.0000000000,0.0000000000,0.0000000000,674.81,40,0.00
0.0000000000,0.0000000000,0.0000000000,675.26,30,0.00
0.0000000000,0.0000000000,0.0000000000,674.99,34,0.00
0.0000000000,0.0000000000,0.0000000000,674.99,32,0.00
0.0000000000,0.0000000000,0.0000000000,674.81,39,0.00
0.0000000000,0.0000000000,0.0000000000,675.08,38,0.00
0.0000000000,0.0000000000,0.0000000000,674.72,29,0.00
0.0000000000,0.0000000000,0.0000000000,674.90,32,0.00
0.0000000000,0.0000000000,0.0000000000,674.81,44,0.00
0.0000000000,0.0000000000,0.0000000000,674.81,34,0.00
0.0000000000,0.0000000000,0.0000000000,674.72,42,0.00
0.0000000000,0.0000000000,0.0000000000,674.55,48,0.00
0.0000000000,0.0000000000,0.0000000000,674.46,44,0.00
0.0000000000,0.0000000000,0.0000000000,674.37,39,0.00
0.0000000000,0.0000000000,0.0000000000,674.37,45,0.00
0.0000000000,0.0000000000,0.0000000000,674.28,40,0.00
0.0000000000,0.0000000000,0.0000000000,674.46,37,0.00
0.0000000000,0.0000000000,0.0000000000,674.10,25,0.00
0.0000000000,0.0000000000,0.0000000000,674.37,22,0.00
0.0000000000,0.0000000000,0.0000000000,674.63,33,0.00
0.0000000000,0.0000000000,0.0000000000,674.72,37,0.00
0.0000000000,0.0000000000,0.0000000000,675.08,25,0.00
0.0000000000,0.0000000000,0.0000000000,674.72,29,0.00
0.0000000000,0.0000000000,0.0000000000,674.46,25,0.00
0.0000000000,0.0000000000,0.0000000000,674.37,29,0.00
0.0000000000,0.0000000000,0.0000000000,674.90,33,0.00
0.0000000000,0.0000000000,0.0000000000,675.26,14,0.00
0.0000000000,0.0000000000,0.0000000000,675.26,1,0.00
0.0000000000,0.0000000000,0.0000000000,675.88,1,0.00
0.0000000000,0.0000000000,0.0000000000,675.97,1,0.00
0.0000000000,0.0000000000,0.0000000000,676.59,83,0.00
0.0000000000,0.0000000000,0.0000000000,676.50,27,0.00
0.0000000000,0.0000000000,0.0000000000,676.41,18,0.00
0.0000000000,0.0000000000,0.0000000000,675.26,42,0.00
0.0000000000,0.0000000000,0.0000000000,674.55,62,0.00
0.0000000000,0.0000000000,0.0000000000,674.55,73,0.00
0.0000000000,0.0000000000,0.0000000000,674.46,1,0.00
0.0000000000,0.0000000000,0.0000000000,674.81,1,0.00
0.0000000000,0.0000000000,0.0000000000,673.83,1,0.00
0.0000000000,0.0000000000,0.0000000000,674.55,84,0.00
0.0000000000,0.0000000000,0.0000000000,674.19,65,0.00
0.0000000000,0.0000000000,0.0000000000,674.10,1,0.00
0.0000000000,0.0000000000,0.0000000000,673.75,1,0.00
0.0000000000,0.0000000000,0.0000000000,674.28,72,0.00
0.0000000000,0.0000000000,0.0000000000,674.01,102,0.00
0.0000000000,0.0000000000,0.0000000000,674.10,73,0.00
0.0000000000,0.0000000000,0.0000000000,673.75,85,0.00
0.0000000000,0.0000000000,0.0000000000,673.75,51,0.00
0.0000000000,0.0000000000,0.0000000000,674.28,37,0.00
0.0000000000,0.0000000000,0.0000000000,674.10,51,0.00
0.0000000000,0.0000000000,0.0000000000,673.92,42,0.00
0.0000000000,0.0000000000,0.0000000000,674.01,43,0.00
0.0000000000,0.0000000000,0.0000000000,674.01,62,0.00
0.0000000000,0.0000000000,0.0000000000,674.10,47,0.00
0.0000000000,0.0000000000,0.0000000000,673.30,40,0.00
0.0000000000,0.0000000000,0.0000000000,673.75,49,0.00
0.0000000000,0.0000000000,0.0000000000,673.83,57,0.00
0.0000000000,0.0000000000,0.0000000000,673.39,63,0.00
0.0000000000,0.0000000000,0.0000000000,673.75,53,0.00
0.0000000000,0.0000000000,0.0000000000,673.83,47,0.00
0.0000000000,0.0000000000,0.0000000000,673.39,40,0.00
0.0000000000,0.0000000000,0.0000000000,673.39,44,0.00
0.0000000000,0.0000000000,0.0000000000,673.48,45,0.00
0.0000000000,0.0000000000,0.0000000000,674.28,108,0.00
0.0000000000,0.0000000000,0.0000000000,673.66,1,0.00
0.0000000000,0.0000000000,0.0000000000,675.43,65,0.00
0.0000000000,0.0000000000,0.0000000000,675.43,30,0.00
0.0000000000,0.0000000000,0.0000000000,675.70,7,0.00
0.0000000000,0.0000000000,0.0000000000,676.15,14,0.00
0.0000000000,0.0000000000,0.0000000000,675.97,17,0.00
0.0000000000,0.0000000000,0.0000000000,675.88,13,0.00
0.0000000000,0.0000000000,0.0000000000,676.06,7,0.00
0.0000000000,0.0000000000,0.0000000000,675.43,20,0.00
0.0000000000,0.0000000000,0.0000000000,676.06,13,0.00
0.0000000000,0.0000000000,0.0000000000,675.88,13,0.00
0.0000000000,0.0000000000,0.0000000000,675.88,28,0.00
0.0000000000,0.0000000000,0.0000000000,675.97,24,0.00
0.0000000000,0.0000000000,0.0000000000,676.50,18,0.00
0.0000000000,0.0000000000,0.0000000000,676.15,20,0.00
0.0000000000,0.0000000000,0.0000000000,676.23,22,0.00
0.0000000000,0.0000000000,0.0000000000,676.32,15,0.00
0.0000000000,0.0000000000,0.0000000000,676.15,19,0.00
0.0000000000,0.0000000000,0.0000000000,676.23,22,0.00
0.0000000000,0.0000000000,0.0000000000,676.23,29,0.00
0.0000000000,0.0000000000,0.0000000000,675.88,30,0.00
0.0000000000,0.0000000000,0.0000000000,675.52,20,0.00
0.0000000000,0.0000000000,0.0000000000,675.43,24,0.00
0.0000000000,0.0000000000,0.0000000000,675.70,32,0.00
0.0000000000,0.0000000000,0.0000000000,675.70,39,0.00
0.0000000000,0.0000000000,0.0000000000,675.52,43,0.00
0.0000000000,0.0000000000,0.0000000000,675.52,25,0.00
0.0000000000,0.0000000000,0.0000000000,675.61,14,0.00
0.0000000000,0.0000000000,0.0000000000,675.26,12,0.00
0.0000000000,0.0000000000,0.0000000000,675.26,27,0.00
0.0000000000,0.0000000000,0.0000000000,675.26,4,0.00
0.0000000000,0.0000000000,0.0000000000,674.99,10,0.00
0.0000000000,0.0000000000,0.0000000000,675.52,13,0.00
0.0000000000,0.0000000000,0.0000000000,674.99,17,0.00
0.0000000000,0.0000000000,0.0000000000,675.26,13,0.00
0.0000000000,0.0000000000,0.0000000000,674.99,12,0.00
0.0000000000,0.0000000000,0.0000000000,675.70,13,0.00
0.0000000000,0.0000000000,0.0000000000,675.35,15,0.00
0.0000000000,0.0000000000,0.0000000000,675.35,19,0.00
0.0000000000,0.0000000000,0.0000000000,675.52,14,0.00
0.0000000000,0.0000000000,0.0000000000,675.88,13,0.00
0.0000000000,0.0000000000,0.0000000000,675.52,13,0.00
0.0000000000,0.0000000000,0.0000000000,675.61,12,0.00
0.0000000000,0.0000000000,0.0000000000,676.23,19,0.00
0.0000000000,0.0000000000,0.0000000000,675.70,17,0.00
0.0000000000,0.0000000000,0.0000000000,675.70,14,0.00
0.0000000000,0.0000000000,0.0000000000,675.88,17,0.00
0.0000000000,0.0000000000,0.0000000000,675.43,28,0.00
0.0000000000,0.0000000000,0.0000000000,675.43,19,0.00
0.0000000000,0.0000000000,0.0000000000,675.26,28,0.00
0.0000000000,0.0000000000,0.0000000000,675.70,47,0.00
0.0000000000,0.0000000000,0.0000000000,675.35,86,0.00
0.0000000000,0.0000000000,0.0000000000,675.35,84,0.00
0.0000000000,0.0000000000,0.0000000000,674.90,71,0.00
0.0000000000,0.0000000000,0.0000000000,674.01,67,0.00
0.0000000000,0.0000000000,0.0000000000,674.63,1,0.00
0.0000000000,0.0000000000,0.0000000000,674.01,1,0.00
0.0000000000,0.0000000000,0.0000000000,673.30,1,0.00
0.0000000000,0.0000000000,0.0000000000,673.12,61,0.00
0.0000000000,0.0000000000,0.0000000000,672.86,55,0.00
0.0000000000,0.0000000000,0.0000000000,672.50,59,0.00
0.0000000000,0.0000000000,0.0000000000,672.41,63,0.00
0.0000000000,0.0000000000,0.0000000000,672.32,68,0.00
0.0000000000,0.0000000000,0.0000000000,672.06,74,0.00
0.0000000000,0.0000000000,0.0000000000,672.41,76,0.00
0.0000000000,0.0000000000,0.0000000000,672.32,79,0.00
0.0000000000,0.0000000000,0.0000000000,672.15,81,0.00
0.0000000000,0.0000000000,0.0000000000,672.41,85,0.00
0.0000000000,0.0000000000,0.0000000000,672.32,89,0.00
0.0000000000,0.0000000000,0.0000000000,671.52,91,0.00
0.0000000000,0.0000000000,0.0000000000,671.97,93,0.00
0.0000000000,0.0000000000,0.0000000000,672.15,93,0.00
0.0000000000,0.0000000000,0.0000000000,671.79,95,0.00
0.0000000000,0.0000000000,0.0000000000,672.15,94,0.00
0.0000000000,0.0000000000,0.0000000000,672.15,94,0.00
0.0000000000,0.0000000000,0.0000000000,672.15,95,0.00
0.0000000000,0.0000000000,0.0000000000,672.32,93,0.00
0.0000000000,0.0000000000,0.0000000000,671.88,94,0.00
0.0000000000,0.0000000000,0.0000000000,672.32,94,0.00
0.0000000000,0.0000000000,0.0000000000,672.41,94,0.00
0.0000000000,0.0000000000,0.0000000000,671.88,93,0.00
0.0000000000,0.0000000000,0.0000000000,671.97,92,0.00
0.0000000000,0.0000000000,0.0000000000,672.41,94,0.00
0.0000000000,0.0000000000,0.0000000000,672.24,93,0.00
0.0000000000,0.0000000000,0.0000000000,672.15,91,0.00
0.0000000000,0.0000000000,0.0000000000,672.24,89,0.00
0.0000000000,0.0000000000,0.0000000000,672.06,91,0.00
0.0000000000,0.0000000000,0.0000000000,671.70,90,0.00
0.0000000000,0.0000000000,0.0000000000,672.15,90,0.00
0.0000000000,0.0000000000,0.0000000000,672.06,90,0.00
0.0000000000,0.0000000000,0.0000000000,672.41,89,0.00
0.0000000000,0.0000000000,0.0000000000,672.41,90,0.00
0.0000000000,0.0000000000,0.0000000000,672.59,90,0.00
0.0000000000,0.0000000000,0.0000000000,672.32,91,0.00
0.0000000000,0.0000000000,0.0000000000,672.41,88,0.00
0.0000000000,0.0000000000,0.0000000000,672.41,88,0.00
0.0000000000,0.0000000000,0.0000000000,672.50,89,0.00
0.0000000000,0.0000000000,0.0000000000,672.15,88,0.00
0.0000000000,0.0000000000,0.0000000000,672.32,90,0.00
0.0000000000,0.0000000000,0.0000000000,672.50,89,0.00
0.0000000000,0.0000000000,0.0000000000,672.06,86,0.00
0.0000000000,0.0000000000,0.0000000000,672.50,83,0.00
0.0000000000,0.0000000000,0.0000000000,672.59,88,0.00
0.0000000000,0.0000000000,0.0000000000,672.41,86,0.00
0.0000000000,0.0000000000,0.0000000000,671.97,89,0.00
0.0000000000,0.0000000000,0.0000000000,671.61,87,0.00
0.0000000000,0.0000000000,0.0000000000,671.97,86,0.00
0.0000000000,0.0000000000,0.0000000000,672.06,84,0.00
0.0000000000,0.0000000000,0.0000000000,672.06,84,0.00
0.0000000000,0.0000000000,0.0000000000,671.61,85,0.00
0.0000000000,0.0000000000,0.0000000000,671.88,84,0.00
0.0000000000,0.0000000000,0.0000000000,672.06,86,0.00
0.0000000000,0.0000000000,0.0000000000,672.24,84,0.00
0.0000000000,0.0000000000,0.0000000000,671.97,85,0.00
0.0000000000,0.0000000000,0.0000000000,671.97,85,0.00
0.0000000000,0.0000000000,0.0000000000,672.32,84,0.00
0.0000000000,0.0000000000,0.0000000000,672.15,84,0.00
0.0000000000,0.0000000000,0.0000000000,671.70,86,0.00
0.0000000000,0.0000000000,0.0000000000,671.97,85,0.00
0.0000000000,0.0000000000,0.0000000000,671.88,86,0.00
0.0000000000,0.0000000000,0.0000000000,671.61,86,0.00
0.0000000000,0.0000000000,0.0000000000,671.61,83,0.00
0.0000000000,0.0000000000,0.0000000000,671.88,82,0.00
0.0000000000,0.0000000000,0.0000000000,671.17,84,0.00
0.0000000000,0.0000000000,0.0000000000,671.70,86,0.00
0.0000000000,0.0000000000,0.0000000000,671.35,86,0.00
0.0000000000,0.0000000000,0.0000000000,671.88,85,0.00
0.0000000000,0.0000000000,0.0000000000,671.88,82,0.00
0.0000000000,0.0000000000,0.0000000000,672.06,82,0.00
0.0000000000,0.0000000000,0.0000000000,671.97,85,0.00
0.0000000000,0.0000000000,0.0000000000,671.52,81,0.00
0.0000000000,0.0000000000,0.0000000000,672.24,80,0.00
0.0000000000,0.0000000000,0.0000000000,671.44,81,0.00
0.0000000000,0.0000000000,0.0000000000,671.70,82,0.00
0.0000000000,0.0000000000,0.0000000000,671.35,81,0.00
0.0000000000,0.0000000000,0.0000000000,671.88,80,0.00
0.0000000000,0.0000000000,0.0000000000,672.06,79,0.00
0.0000000000,0.0000000000,0.0000000000,671.79,77,0.00
0.0000000000,0.0000000000,0.0000000000,671.61,77,0.00
0.0000000000,0.0000000000,0.0000000000,671.61,77,0.00
0.0000000000,0.0000000000,0.0000000000,671.79,80,0.00
0.0000000000,0.0000000000,0.0000000000,671.79,77,0.00
0.0000000000,0.0000000000,0.0000000000,671.88,79,0.00
0.0000000000,0.0000000000,0.0000000000,671.26,77,0.00
0.0000000000,0.0000000000,0.0000000000,671.88,75,0.00
0.0000000000,0.0000000000,0.0000000000,671.35,78,0.00
0.0000000000,0.0000000000,0.0000000000,672.15,75,0.00
0.0000000000,0.0000000000,0.0000000000,672.06,77,0.00
0.0000000000,0.0000000000,0.0000000000,671.70,75,0.00
0.0000000000,0.0000000000,0.0000000000,672.15,77,0.00
0.0000000000,0.0000000000,0.0000000000,671.79,74,0.00
0.0000000000,0.0000000000,0.0000000000,672.32,75,0.00
0.0000000000,0.0000000000,0.0000000000,671.70,76,0.00
0.0000000000,0.0000000000,0.0000000000,671.79,76,0.00
0.0000000000,0.0000000000,0.0000000000,671.79,76,0.00
0.0000000000,0.0000000000,0.0000000000,671.52,75,0.00
0.0000000000,0.0000000000,0.0000000000,671.88,76,0.00
0.0000000000,0.0000000000,0.0000000000,671.97,77,0.00
0.0000000000,0.0000000000,0.0000000000,671.79,75,0.00
0.0000000000,0.0000000000,0.0000000000,672.15,75,0.00
0.0000000000,0.0000000000,0.0000000000,671.88,77,0.00
0.0000000000,0.0000000000,0.0000000000,671.26,77,0.00
0.0000000000,0.0000000000,0.0000000000,672.06,78,0.00
0.0000000000,0.0000000000,0.0000000000,671.35,79,0.00
0.0000000000,0.0000000000,0.0000000000,672.15,78,0.00
0.0000000000,0.0000000000,0.0000000000,671.97,76,0.00
0.0000000000,0.0000000000,0.0000000000,672.15,79,0.00
0.0000000000,0.0000000000,0.0000000000,672.15,77,0.00
0.0000000000,0.0000000000,0.0000000000,671.97,78,0.00
0.0000000000,0.0000000000,0.0000000000,672.24,76,0.00
0.0000000000,0.0000000000,0.0000000000,671.79,79,0.00
0.0000000000,0.0000000000,0.0000000000,672.06,78,0.00
0.0000000000,0.0000000000,0.0000000000,671.79,78,0.00
0.0000000000,0.0000000000,0.0000000000,671.97,78,0.00
0.0000000000,0.0000000000,0.0000000000,671.97,78,0.00
0.0000000000,0.0000000000,0.0000000000,671.97,79,0.00
0.0000000000,0.0000000000,0.0000000000,671.88,75,0.00
0.0000000000,0.0000000000,0.0000000000,672.06,78,0.00
0.0000000000,0.0000000000,0.0000000000,671.97,78,0.00
0.0000000000,0.0000000000,0.0000000000,672.15,79,0.00
0.0000000000,0.0000000000,0.0000000000,671.70,78,0.00
0.0000000000,0.0000000000,0.0000000000,671.70,77,0.00
0.0000000000,0.0000000000,0.0000000000,672.41,77,0.00
0.0000000000,0.0000000000,0.0000000000,672.06,78,0.00
0.0000000000,0.0000000000,0.0000000000,671.88,79,0.00
0.0000000000,0.0000000000,0.0000000000,672.41,77,0.00
0.0000000000,0.0000000000,0.0000000000,672.41,76,0.00
0.0000000000,0.0000000000,0.0000000000,672.06,79,0.00
0.0000000000,0.0000000000,0.0000000000,672.32,76,0.00
0.0000000000,0.0000000000,0.0000000000,671.79,76,0.00
0.0000000000,0.0000000000,0.0000000000,672.24,77,0.00
0.0000000000,0.0000000000,0.0000000000,672.06,76,0.00
0.0000000000,0.0000000000,0.0000000000,672.32,75,0.00
0.0000000000,0.0000000000,0.0000000000,672.24,75,0.00
0.0000000000,0.0000000000,0.0000000000,672.24,75,0.00
0.0000000000,0.0000000000,0.0000000000,671.61,76,0.00
0.0000000000,0.0000000000,0.0000000000,671.97,75,0.00
0.0000000000,0.0000000000,0.0000000000,671.97,75,0.00
0.0000000000,0.0000000000,0.0000000000,672.32,75,0.00
0.0000000000,0.0000000000,0.0000000000,672.32,77,0.00
0.0000000000,0.0000000000,0.0000000000,671.52,77,0.00
0.0000000000,0.0000000000,0.0000000000,671.52,75,0.00
0.0000000000,0.0000000000,0.0000000000,672.24,82,0.00
0.0000000000,0.0000000000,0.0000000000,672.06,55,0.00
0.0000000000,0.0000000000,0.0000000000,672.06,38,0.00
0.0000000000,0.0000000000,0.0000000000,671.52,32,0.00
0.0000000000,0.0000000000,0.0000000000,672.06,14,0.00
0.0000000000,0.0000000000,0.0000000000,672.15,13,0.00
0.0000000000,0.0000000000,0.0000000000,672.06,12,0.00
0.0000000000,0.0000000000,0.0000000000,672.15,19,0.00
0.0000000000,0.0000000000,0.0000000000,672.15,13,0.00
0.0000000000,0.0000000000,0.0000000000,671.70,23,0.00
0.0000000000,0.0000000000,0.0000000000,671.88,30,0.00
0.0000000000,0.0000000000,0.0000000000,671.79,24,0.00
0.0000000000,0.0000000000,0.0000000000,671.97,19,0.00
0.0000000000,0.0000000000,0.0000000000,671.88,79,0.00
0.0000000000,0.0000000000,0.0000000000,671.61,77,0.00
0.0000000000,0.0000000000,0.0000000000,671.97,80,0.00
0.0000000000,0.0000000000,0.0000000000,671.88,78,0.00
0.0000000000,0.0000000000,0.0000000000,671.97,82,0.00
0.0000000000,0.0000000000,0.0000000000,671.52,81,0.00
0.0000000000,0.0000000000,0.0000000000,671.79,83,0.00
0.0000000000,0.0000000000,0.0000000000,672.15,83,0.00
0.0000000000,0.0000000000,0.0000000000,672.15,84,0.00
0.0000000000,0.0000000000,0.0000000000,672.06,85,0.00
0.0000000000,0.0000000000,0.0000000000,672.32,84,0.00
0.0000000000,0.0000000000,0.0000000000,672.06,86,0.00
0.0000000000,0.0000000000,0.0000000000,672.32,86,0.00
0.0000000000,0.0000000000,0.0000000000,671.97,85,0.00
0.0000000000,0.0000000000,0.0000000000,672.32,84,0.00
0.0000000000,0.0000000000,0.0000000000,671.97,86,0.00
0.0000000000,0.0000000000,0.0000000000,672.06,88,0.00
0.0000000000,0.0000000000,0.0000000000,672.68,87,0.00
0.0000000000,0.0000000000,0.0000000000,672.41,87,0.00
0.0000000000,0.0000000000,0.0000000000,672.06,88,0.00
0.0000000000,0.0000000000,0.0000000000,671.79,88,0.00
0.0000000000,0.0000000000,0.0000000000,672.41,89,0.00
0.0000000000,0.0000000000,0.0000000000,672.68,89,0.00
0.0000000000,0.0000000000,0.0000000000,672.24,88,0.00
0.0000000000,0.0000000000,0.0000000000,672.50,87,0.00
0.0000000000,0.0000000000,0.0000000000,672.24,87,0.00
0.0000000000,0.0000000000,0.0000000000,671.61,84,0.00
0.0000000000,0.0000000000,0.0000000000,671.97,84,0.00
0.0000000000,0.0000000000,0.0000000000,671.88,85,0.00
0.0000000000,0.0000000000,0.0000000000,671.97,86,0.00
0.0000000000,0.0000000000,0.0000000000,671.88,85,0.00
0.0000000000,0.0000000000,0.0000000000,672.06,86,0.00
0.0000000000,0.0000000000,0.0000000000,672.24,86,0.00
0.0000000000,0.0000000000,0.0000000000,671.79,85,0.00
0.0000000000,0.0000000000,0.0000000000,671.79,86,0.00
0.0000000000,0.0000000000,0.0000000000,671.97,86,0.00
0.0000000000,0.0000000000,0.0000000000,671.70,85,0.00
0.0000000000,0.0000000000,0.0000000000,671.61,86,0.00
0.0000000000,0.0000000000,0.0000000000,672.06,87,0.00
0.0000000000,0.0000000000,0.0000000000,671.70,87,0.00
0.0000000000,0.0000000000,0.0000000000,671.97,88,0.00
0.0000000000,0.0000000000,0.0000000000,671.70,84,0.00
0.0000000000,0.0000000000,0.0000000000,671.52,84,0.00
0.0000000000,0.0000000000,0.0000000000,671.79,85,0.00
0.0000000000,0.0000000000,0.0000000000,672.15,84,0.00
0.0000000000,0.0000000000,0.0000000000,671.52,88,0.00
0.0000000000,0.0000000000,0.0000000000,671.52,84,0.00
0.0000000000,0.0000000000,0.0000000000,671.44,83,0.00
0.0000000000,0.0000000000,0.0000000000,671.35,84,0.00
0.0000000000,0.0000000000,0.0000000000,671.52,85,0.00
0.0000000000,0.0000000000,0.0000000000,671.52,86,0.00
0.0000000000,0.0000000000,0.0000000000,671.35,85,0.00
0.0000000000,0.0000000000,0.0000000000,671.26,84,0.00
0.0000000000,0.0000000000,0.0000000000,671.17,85,0.00
0.0000000000,0.0000000000,0.0000000000,671.70,85,0.00
0.0000000000,0.0000000000,0.0000000000,671.70,84,0.00
0.0000000000,0.0000000000,0.0000000000,671.35,86,0.00
0.0000000000,0.0000000000,0.0000000000,671.44,85,0.00
0.0000000000,0.0000000000,0.0000000000,671.88,88,0.00
0.0000000000,0.0000000000,0.0000000000,671.35,86,0.00
0.0000000000,0.0000000000,0.0000000000,671.35,85,0.00
0.0000000000,0.0000000000,0.0000000000,671.52,85,0.00
0.0000000000,0.0000000000,0.0000000000,671.88,85,0.00
0.0000000000,0.0000000000,0.0000000000,670.99,84,0.00
0.0000000000,0.0000000000,0.0000000000,671.26,84,0.00
0.0000000000,0.0000000000,0.0000000000,671.79,84,0.00
0.0000000000,0.0000000000,0.0000000000,671.17,85,0.00
0.0000000000,0.0000000000,0.0000000000,671.08,86,0.00
0.0000000000,0.0000000000,0.0000000000,671.79,87,0.00
0.0000000000,0.0000000000,0.0000000000,671.35,85,0.00
0.0000000000,0.0000000000,0.0000000000,671.44,85,0.00
0.0000000000,0.0000000000,0.0000000000,671.17,85,0.00
0.0000000000,0.0000000000,0.0000000000,671.79,85,0.00
0.0000000000,0.0000000000,0.0000000000,671.61,84,0.00
0.0000000000,0.0000000000,0.0000000000,671.26,87,0.00
0.0000000000,0.0000000000,0.0000000000,671.97,87,0.00
0.0000000000,0.0000000000,0.0000000000,671.52,88,0.00
0.0000000000,0.0000000000,0.0000000000,671.70,86,0.00
0.0000000000,0.0000000000,0.0000000000,671.52,85,0.00
0.0000000000,0.0000000000,0.0000000000,671.61,86,0.00
0.0000000000,0.0000000000,0.0000000000,671.70,86,0.00
0.0000000000,0.0000000000,0.0000000000,671.61,88,0.00
0.0000000000,0.0000000000,0.0000000000,672.15,86,0.00
0.0000000000,0.0000000000,0.0000000000,671.61,87,0.00
0.0000000000,0.0000000000,0.0000000000,671.61,87,0.00
0.0000000000,0.0000000000,0.0000000000,671.26,86,0.00
0.0000000000,0.0000000000,0.0000000000,671.08,87,0.00
0.0000000000,0.0000000000,0.0000000000,671.26,85,0.00
0.0000000000,0.0000000000,0.0000000000,671.52,85,0.00
0.0000000000,0.0000000000,0.0000000000,671.70,86,0.00
0.0000000000,0.0000000000,0.0000000000,671.70,87,0.00
0.0000000000,0.0000000000,0.0000000000,671.70,88,0.00
0.0000000000,0.0000000000,0.0000000000,671.70,87,0.00
0.0000000000,0.0000000000,0.0000000000,671.70,86,0.00
0.0000000000,0.0000000000,0.0000000000,671.35,86,0.00
0.0000000000,0.0000000000,0.0000000000,671.61,86,0.00
0.0000000000,0.0000000000,0.0000000000,671.26,87,0.00
0.0000000000,0.0000000000,0.0000000000,671.70,89,0.00
0.0000000000,0.0000000000,0.0000000000,671.52,87,0.00
0.0000000000,0.0000000000,0.0000000000,671.52,88,0.00
0.0000000000,0.0000000000,0.0000000000,671.35,88,0.00
0.0000000000,0.0000000000,0.0000000000,671.70,87,0.00
0.0000000000,0.0000000000,0.0000000000,671.61,88,0.00
0.0000000000,0.0000000000,0.0000000000,672.06,86,0.00
0.0000000000,0.0000000000,0.0000000000,671.88,87,0.00
0.0000000000,0.0000000000,0.0000000000,672.15,85,0.00
0.0000000000,0.0000000000,0.0000000000,672.24,86,0.00
0.0000000000,0.0000000000,0.0000000000,672.24,83,0.00
0.0000000000,0.0000000000,0.0000000000,672.06,85,0.00
0.0000000000,0.0000000000,0.0000000000,672.06,82,0.00
0.0000000000,0.0000000000,0.0000000000,671.97,83,0.00
0.0000000000,0.0000000000,0.0000000000,672.15,82,0.00
0.0000000000,0.0000000000,0.0000000000,672.24,83,0.00
0.0000000000,0.0000000000,0.0000000000,672.15,42,0.00
0.0000000000,0.0000000000,0.0000000000,672.24,8,0.00
0.0000000000,0.0000000000,0.0000000000,672.24,9,0.00
0.0000000000,0.0000000000,0.0000000000,672.32,5,0.00
0.0000000000,0.0000000000,0.0000000000,672.32,8,0.00
0.0000000000,0.0000000000,0.0000000000,672.50,7,0.00
0.0000000000,0.0000000000,0.0000000000,672.59,34,0.00
0.0000000000,0.0000000000,0.0000000000,672.24,77,0.00
0.0000000000,0.0000000000,0.0000000000,672.32,78,0.00
0.0000000000,0.0000000000,0.0000000000,672.06,77,0.00
0.0000000000,0.0000000000,0.0000000000,672.41,76,0.00
0.0000000000,0.0000000000,0.0000000000,672.06,73,0.00
0.0000000000,0.0000000000,0.0000000000,672.77,69,0.00
0.0000000000,0.0000000000,0.0000000000,672.50,69,0.00
0.0000000000,0.0000000000,0.0000000000,672.06,74,0.00
0.0000000000,0.0000000000,0.0000000000,671.79,76,0.00
0.0000000000,0.0000000000,0.0000000000,672.06,75,0.00
0.0000000000,0.0000000000,0.0000000000,671.52,76,0.00
0.0000000000,0.0000000000,0.0000000000,672.24,73,0.00
0.0000000000,0.0000000000,0.0000000000,672.24,72,0.00
0.0000000000,0.0000000000,0.0000000000,672.41,71,0.00
0.0000000000,0.0000000000,0.0000000000,672.32,70,0.00
0.0000000000,0.0000000000,0.0000000000,673.12,67,0.00
0.0000000000,0.0000000000,0.0000000000,672.24,61,0.00
0.0000000000,0.0000000000,0.0000000000,672.77,63,0.00
0.0000000000,0.0000000000,0.0000000000,672.32,61,0.00
0.0000000000,0.0000000000,0.0000000000,672.77,66,0.00
0.0000000000,0.0000000000,0.0000000000,673.12,67,0.00
0.0000000000,0.0000000000,0.0000000000,672.86,69,0.00
0.0000000000,0.0000000000,0.0000000000,673.75,72,0.00
0.0000000000,0.0000000000,0.0000000000,673.48,1,0.00
0.0000000000,0.0000000000,0.0000000000,673.66,83,0.00
0.0000000000,0.0000000000,0.0000000000,674.01,1,0.00
0.0000000000,0.0000000000,0.0000000000,672.32,1,0.00
0.0000000000,0.0000000000,0.0000000000,679.61,68,0.00
0.0000000000,0.0000000000,0.0000000000,676.68,62,0.00
0.0000000000,0.0000000000,0.0000000000,675.26,68,0.00
0.0000000000,0.0000000000,0.0000000000,680.15,66,0.00
0.0000000000,0.0000000000,0.0000000000,680.86,1,0.00
0.0000000000,0.0000000000,0.0000000000,680.77,1,0.00
0.0000000000,0.0000000000,0.0000000000,682.01,1,0.00
0.0000000000,0.0000000000,0.0000000000,681.92,1,0.00
0.0000000000,0.0000000000,0.0000000000,680.77,1,0.00
0.0000000000,0.0000000000,0.0000000000,680.77,1,0.00
0.0000000000,0.0000000000,0.0000000000,680.68,1,0.00
0.0000000000,0.0000000000,0.0000000000,679.97,71,0.00
0.0000000000,0.0000000000,0.0000000000,680.59,72,0.00
0.0000000000,0.0000000000,0.0000000000,680.59,1,0.00
0.0000000000,0.0000000000,0.0000000000,681.57,164,0.00
0.0000000000,0.0000000000,0.0000000000,681.84,1,0.00
0.0000000000,0.0000000000,0.0000000000,681.66,1,0.00
0.0000000000,0.0000000000,0.0000000000,681.92,1,0.00
0.0000000000,0.0000000000,0.0000000000,681.92,129,0.00
0.0000000000,0.0000000000,0.0000000000,682.37,126,0.00
0.0000000000,0.0000000000,0.0000000000,682.90,108,0.00
0.0000000000,0.0000000000,0.0000000000,682.19,28,0.00
0.0000000000,0.0000000000,0.0000000000,682.19,35,0.00
0.0000000000,0.0000000000,0.0000000000,681.48,123,0.00
0.0000000000,0.0000000000,0.0000000000,681.12,205,0.00
0.0000000000,0.0000000000,0.0000000000,680.15,20,0.00
0.0000000000,0.0000000000,0.0000000000,679.52,22,0.00
0.0000000000,0.0000000000,0.0000000000,678.10,10,0.00
0.0000000000,0.0000000000,0.0000000000,677.92,14,0.00
0.0000000000,0.0000000000,0.0000000000,677.83,18,0.00
0.0000000000,0.0000000000,0.0000000000,677.12,15,0.00
0.0000000000,0.0000000000,0.0000000000,676.95,13,0.00
0.0000000000,0.0000000000,0.0000000000,677.12,13,0.00
0.0000000000,0.0000000000,0.0000000000,677.30,15,0.00
0.0000000000,0.0000000000,0.0000000000,677.21,18,0.00
0.0000000000,0.0000000000,0.0000000000,677.12,14,0.00
0.0000000000,0.0000000000,0.0000000000,677.21,13,0.00
0.0000000000,0.0000000000,0.0000000000,677.12,13,0.00
0.0000000000,0.0000000000,0.0000000000,676.59,17,0.00
0.0000000000,0.0000000000,0.0000000000,677.39,14,0.00
0.0000000000,0.0000000000,0.0000000000,677.75,17,0.00
0.0000000000,0.0000000000,0.0000000000,677.75,18,0.00
0.0000000000,0.0000000000,0.0000000000,677.75,15,0.00
0.0000000000,0.0000000000,0.0000000000,678.55,13,0.00
0.0000000000,0.0000000000,0.0000000000,678.63,20,0.00
0.0000000000,0.0000000000,0.0000000000,678.72,30,0.00
0.0000000000,0.0000000000,0.0000000000,678.72,37,0.00
0.0000000000,0.0000000000,0.0000000000,679.43,44,0.00
0.0000000000,0.0000000000,0.0000000000,679.88,51,0.00
0.0000000000,0.0000000000,0.0000000000,681.39,61,0.00
0.0000000000,0.0000000000,0.0000000000,681.39,65,0.00
0.0000000000,0.0000000000,0.0000000000,681.48,72,0.00
0.0000000000,0.0000000000,0.0000000000,681.84,75,0.00
0.0000000000,0.0000000000,0.0000000000,682.01,131,0.00
0.0000000000,0.0000000000,0.0000000000,681.39,170,0.00
0.0000000000,0.0000000000,0.0000000000,681.92,171,0.00
0.0000000000,0.0000000000,0.0000000000,681.92,171,0.00
0.0000000000,0.0000000000,0.0000000000,682.37,172,0.00
0.0000000000,0.0000000000,0.0000000000,682.10,170,0.00
0.0000000000,0.0000000000,0.0000000000,682.46,169,0.00
0.0000000000,0.0000000000,0.0000000000,682.46,167,0.00
0.0000000000,0.0000000000,0.0000000000,682.10,170,0.00
0.0000000000,0.0000000000,0.0000000000,682.01,171,0.00
0.0000000000,0.0000000000,0.0000000000,682.28,169,0.00
0.0000000000,0.0000000000,0.0000000000,681.75,174,0.00
0.0000000000,0.0000000000,0.0000000000,681.92,172,0.00
0.0000000000,0.0000000000,0.0000000000,682.37,173,0.00
0.0000000000,0.0000000000,0.0000000000,682.01,175,0.00
0.0000000000,0.0000000000,0.0000000000,682.10,175,0.00
0.0000000000,0.0000000000,0.0000000000,682.19,174,0.00
0.0000000000,0.0000000000,0.0000000000,682.72,172,0.00
0.0000000000,0.0000000000,0.0000000000,682.46,173,0.00
0.0000000000,0.0000000000,0.0000000000,682.64,172,0.00
0.0000000000,0.0000000000,0.0000000000,682.28,172,0.00
0.0000000000,0.0000000000,0.0000000000,682.19,172,0.00
0.0000000000,0.0000000000,0.0000000000,682.55,173,0.00
0.0000000000,0.0000000000,0.0000000000,682.90,174,0.00
0.0000000000,0.0000000000,0.0000000000,682.72,175,0.00
0.0000000000,0.0000000000,0.0000000000,682.99,177,0.00
0.0000000000,0.0000000000,0.0000000000,682.55,174,0.00
0.0000000000,0.0000000000,0.0000000000,682.55,175,0.00
0.0000000000,0.0000000000,0.0000000000,682.81,175,0.00
0.0000000000,0.0000000000,0.0000000000,682.46,175,0.00
0.0000000000,0.0000000000,0.0000000000,682.55,177,0.00
0.0000000000,0.0000000000,0.0000000000,681.66,178,0.00
0.0000000000,0.0000000000,0.0000000000,681.84,179,0.00
0.0000000000,0.0000000000,0.0000000000,682.19,181,0.00
0.0000000000,0.0000000000,0.0000000000,682.19,181,0.00
0.0000000000,0.0000000000,0.0000000000,682.55,183,0.00
0.0000000000,0.0000000000,0.0000000000,682.72,184,0.00
0.0000000000,0.0000000000,0.0000000000,682.28,188,0.00
0.0000000000,0.0000000000,0.0000000000,682.99,192,0.00
0.0000000000,0.0000000000,0.0000000000,682.72,192,0.00
0.0000000000,0.0000000000,0.0000000000,682.72,196,0.00
0.0000000000,0.0000000000,0.0000000000,682.10,198,0.00
0.0000000000,0.0000000000,0.0000000000,681.75,197,0.00
0.0000000000,0.0000000000,0.0000000000,682.46,198,0.00
0.0000000000,0.0000000000,0.0000000000,681.66,200,0.00
0.0000000000,0.0000000000,0.0000000000,682.01,198,0.00
0.0000000000,0.0000000000,0.0000000000,681.12,197,0.00
0.0000000000,0.0000000000,0.0000000000,681.75,196,0.00
0.0000000000,0.0000000000,0.0000000000,682.55,199,0.00
0.0000000000,0.0000000000,0.0000000000,682.10,198,0.00
0.0000000000,0.0000000000,0.0000000000,681.92,196,0.00
0.0000000000,0.0000000000,0.0000000000,682.01,195,0.00
0.0000000000,0.0000000000,0.0000000000,682.37,195,0.00
0.0000000000,0.0000000000,0.0000000000,682.37,196,0.00
0.0000000000,0.0000000000,0.0000000000,682.55,193,0.00
0.0000000000,0.0000000000,0.0000000000,682.10,190,0.00
0.0000000000,0.0000000000,0.0000000000,681.92,194,0.00
0.0000000000,0.0000000000,0.0000000000,681.92,193,0.00
0.0000000000,0.0000000000,0.0000000000,682.01,195,0.00
0.0000000000,0.0000000000,0.0000000000,682.10,193,0.00
0.0000000000,0.0000000000,0.0000000000,682.19,195,0.00
0.0000000000,0.0000000000,0.0000000000,682.28,193,0.00
0.0000000000,0.0000000000,0.0000000000,682.10,194,0.00
0.0000000000,0.0000000000,0.0000000000,682.28,195,0.00
0.0000000000,0.0000000000,0.0000000000,682.19,195,0.00
0.0000000000,0.0000000000,0.0000000000,682.01,193,0.00
0.0000000000,0.0000000000,0.0000000000,682.46,192,0.00
0.0000000000,0.0000000000,0.0000000000,681.75,196,0.00
0.0000000000,0.0000000000,0.0000000000,682.28,195,0.00
0.0000000000,0.0000000000,0.0000000000,681.84,197,0.00
0.0000000000,0.0000000000,0.0000000000,681.75,198,0.00
0.0000000000,0.0000000000,0.0000000000,681.66,197,0.00
0.0000000000,0.0000000000,0.0000000000,682.01,199,0.00
0.0000000000,0.0000000000,0.0000000000,682.19,196,0.00
0.0000000000,0.0000000000,0.0000000000,681.12,197,0.00
0.0000000000,0.0000000000,0.0000000000,681.92,198,0.00
0.0000000000,0.0000000000,0.0000000000,681.75,196,0.00
0.0000000000,0.0000000000,0.0000000000,681.75,198,0.00
0.0000000000,0.0000000000,0.0000000000,682.19,197,0.00
0.0000000000,0.0000000000,0.0000000000,682.01,196,0.00
0.0000000000,0.0000000000,0.0000000000,682.01,195,0.00
0.0000000000,0.0000000000,0.0000000000,682.19,195,0.00
0.0000000000,0.0000000000,0.0000000000,682.10,196,0.00
0.0000000000,0.0000000000,0.0000000000,681.75,194,0.00
0.0000000000,0.0000000000,0.0000000000,682.10,195,0.00
0.0000000000,0.0000000000,0.0000000000,681.92,196,0.00
0.0000000000,0.0000000000,0.0000000000,681.84,195,0.00
0.0000000000,0.0000000000,0.0000000000,682.28,197,0.00
0.0000000000,0.0000000000,0.0000000000,682.01,194,0.00
0.0000000000,0.0000000000,0.0000000000,682.19,196,0.00
0.0000000000,0.0000000000,0.0000000000,682.01,196,0.00
0.0000000000,0.0000000000,0.0000000000,682.01,198,0.00
0.0000000000,0.0000000000,0.0000000000,682.37,195,0.00
0.0000000000,0.0000000000,0.0000000000,681.75,195,0.00
0.0000000000,0.0000000000,0.0000000000,681.84,195,0.00
0.0000000000,0.0000000000,0.0000000000,681.48,192,0.00
0.0000000000,0.0000000000,0.0000000000,681.75,195,0.00
0.0000000000,0.0000000000,0.0000000000,681.75,194,0.00
0.0000000000,0.0000000000,0.0000000000,681.57,194,0.00
0.0000000000,0.0000000000,0.0000000000,681.12,198,0.00
0.0000000000,0.0000000000,0.0000000000,682.19,198,0.00
0.0000000000,0.0000000000,0.0000000000,681.57,199,0.00
0.0000000000,0.0000000000,0.0000000000,682.10,198,0.00
0.0000000000,0.0000000000,0.0000000000,681.92,203,0.00
0.0000000000,0.0000000000,0.0000000000,681.66,203,0.00
0.0000000000,0.0000000000,0.0000000000,681.48,201,0.00
0.0000000000,0.0000000000,0.0000000000,681.57,202,0.00
0.0000000000,0.0000000000,0.0000000000,681.75,201,0.00
0.0000000000,0.0000000000,0.0000000000,681.84,198,0.00
0.0000000000,0.0000000000,0.0000000000,681.75,199,0.00
0.0000000000,0.0000000000,0.0000000000,681.57,196,0.00
0.0000000000,0.0000000000,0.0000000000,681.75,192,0.00
0.0000000000,0.0000000000,0.0000000000,682.37,190,0.00
0.0000000000,0.0000000000,0.0000000000,681.48,186,0.00
0.0000000000,0.0000000000,0.0000000000,681.84,179,0.00
0.0000000000,0.0000000000,0.0000000000,682.01,177,0.00
0.0000000000,0.0000000000,0.0000000000,682.72,175,0.00
0.0000000000,0.0000000000,0.0000000000,682.28,170,0.00
0.0000000000,0.0000000000,0.0000000000,681.92,171,0.00
0.0000000000,0.0000000000,0.0000000000,682.46,166,0.00
0.0000000000,0.0000000000,0.0000000000,681.84,162,0.00
0.0000000000,0.0000000000,0.0000000000,681.48,164,0.00
0.0000000000,0.0000000000,0.0000000000,682.01,160,0.00
0.0000000000,0.0000000000,0.0000000000,681.57,160,0.00
0.0000000000,0.0000000000,0.0000000000,680.59,158,0.00
0.0000000000,0.0000000000,0.0000000000,681.39,158,0.00
0.0000000000,0.0000000000,0.0000000000,681.48,157,0.00
0.0000000000,0.0000000000,0.0000000000,682.01,157,0.00
0.0000000000,0.0000000000,0.0000000000,681.39,157,0.00
0.0000000000,0.0000000000,0.0000000000,681.92,156,0.00
0.0000000000,0.0000000000,0.0000000000,681.04,155,0.00
0.0000000000,0.0000000000,0.0000000000,680.95,156,0.00
0.0000000000,0.0000000000,0.0000000000,681.12,155,0.00
0.0000000000,0.0000000000,0.0000000000,681.04,156,0.00
0.0000000000,0.0000000000,0.0000000000,681.48,154,0.00
0.0000000000,0.0000000000,0.0000000000,682.01,152,0.00
0.0000000000,0.0000000000,0.0000000000,681.84,151,0.00
0.0000000000,0.0000000000,0.0000000000,681.75,151,0.00
0.0000000000,0.0000000000,0.0000000000,681.57,151,0.00
0.0000000000,0.0000000000,0.0000000000,681.39,151,0.00
0.0000000000,0.0000000000,0.0000000000,681.57,150,0.00
0.0000000000,0.0000000000,0.0000000000,681.12,148,0.00
0.0000000000,0.0000000000,0.0000000000,681.48,150,0.00
0.0000000000,0.0000000000,0.0000000000,681.39,149,0.00
0.0000000000,0.0000000000,0.0000000000,681.12,150,0.00
0.0000000000,0.0000000000,0.0000000000,681.39,145,0.00
0.0000000000,0.0000000000,0.0000000000,680.86,146,0.00
0.0000000000,0.0000000000,0.0000000000,681.48,145,0.00
0.0000000000,0.0000000000,0.0000000000,681.04,144,0.00
0.0000000000,0.0000000000,0.0000000000,681.84,144,0.00
0.0000000000,0.0000000000,0.0000000000,681.12,141,0.00
0.0000000000,0.0000000000,0.0000000000,681.39,135,0.00
0.0000000000,0.0000000000,0.0000000000,681.75,129,0.00
0.0000000000,0.0000000000,0.0000000000,681.66,125,0.00
0.0000000000,0.0000000000,0.0000000000,681.84,118,0.00
0.0000000000,0.0000000000,0.0000000000,681.57,113,0.00
0.0000000000,0.0000000000,0.0000000000,680.50,106,0.00
0.0000000000,0.0000000000,0.0000000000,680.15,97,0.00
0.0000000000,0.0000000000,0.0000000000,680.23,86,0.00
0.0000000000,0.0000000000,0.0000000000,679.17,74,0.00
0.0000000000,0.0000000000,0.0000000000,679.35,70,0.00
0.0000000000,0.0000000000,0.0000000000,679.70,65,0.00
0.0000000000,0.0000000000,0.0000000000,679.88,57,0.00
0.0000000000,0.0000000000,0.0000000000,679.52,55,0.00
0.0000000000,0.0000000000,0.0000000000,679.43,50,0.00
0.0000000000,0.0000000000,0.0000000000,679.26,33,0.00
0.0000000000,0.0000000000,0.0000000000,679.35,30,0.00
0.0000000000,0.0000000000,0.0000000000,679.17,35,0.00
0.0000000000,0.0000000000,0.0000000000,678.90,28,0.00
0.0000000000,0.0000000000,0.0000000000,678.46,24,0.00
0.0000000000,0.0000000000,0.0000000000,678.81,14,0.00
0.0000000000,0.0000000000,0.0000000000,678.55,7,0.00
0.0000000000,0.0000000000,0.0000000000,678.37,13,0.00
0.0000000000,0.0000000000,0.0000000000,678.10,15,0.00
0.0000000000,0.0000000000,0.0000000000,677.83,12,0.00
0.0000000000,0.0000000000,0.0000000000,677.57,14,0.00
0.0000000000,0.0000000000,0.0000000000,677.57,19,0.00
0.0000000000,0.0000000000,0.0000000000,677.39,25,0.00
0.0000000000,0.0000000000,0.0000000000,677.30,5,0.00
0.0000000000,0.0000000000,0.0000000000,677.21,5,0.00
0.0000000000,0.0000000000,0.0000000000,676.59,5,0.00
0.0000000000,0.0000000000,0.0000000000,676.32,13,0.00
0.0000000000,0.0000000000,0.0000000000,675.79,17,0.00
0.0000000000,0.0000000000,0.0000000000,675.43,24,0.00
0.0000000000,0.0000000000,0.0000000000,675.52,18,0.00
0.0000000000,0.0000000000,0.0000000000,676.06,5,0.00
0.0000000000,0.0000000000,0.0000000000,675.52,7,0.00
0.0000000000,0.0000000000,0.0000000000,675.43,20,0.00
0.0000000000,0.0000000000,0.0000000000,675.70,5,0.00
0.0000000000,0.0000000000,0.0000000000,675.61,5,0.00
0.0000000000,0.0000000000,0.0000000000,675.70,5,0.00
0.0000000000,0.0000000000,0.0000000000,675.97,17,0.00
0.0000000000,0.0000000000,0.0000000000,675.79,5,0.00
0.0000000000,0.0000000000,0.0000000000,675.79,8,0.00
0.0000000000,0.0000000000,0.0000000000,675.97,13,0.00
0.0000000000,0.0000000000,0.0000000000,675.79,23,0.00
0.0000000000,0.0000000000,0.0000000000,675.79,7,0.00
0.0000000000,0.0000000000,0.0000000000,675.88,5,0.00
0.0000000000,0.0000000000,0.0000000000,676.06,25,0.00
0.0000000000,0.0000000000,0.0000000000,675.79,5,0.00
0.0000000000,0.0000000000,0.0000000000,675.70,23,0.00
0.0000000000,0.0000000000,0.0000000000,675.97,24,0.00
0.0000000000,0.0000000000,0.0000000000,675.88,4,0.00
0.0000000000,0.0000000000,0.0000000000,676.15,13,0.00
0.0000000000,0.0000000000,0.0000000000,675.79,5,0.00
0.0000000000,0.0000000000,0.0000000000,675.35,4,0.00
0.0000000000,0.0000000000,0.0000000000,676.41,9,0.00
0.0000000000,0.0000000000,0.0000000000,675.26,5,0.00
0.0000000000,0.0000000000,0.0000000000,675.52,5,0.00
0.0000000000,0.0000000000,0.0000000000,675.88,14,0.00
0.0000000000,0.0000000000,0.0000000000,675.79,4,0.00
0.0000000000,0.0000000000,0.0000000000,675.43,5,0.00
0.0000000000,0.0000000000,0.0000000000,675.43,15,0.00
0.0000000000,0.0000000000,0.0000000000,675.97,5,0.00
0.0000000000,0.0000000000,0.0000000000,675.43,5,0.00
0.0000000000,0.0000000000,0.0000000000,675.17,23,0.00
0.0000000000,0.0000000000,0.0000000000,675.61,8,0.00
0.0000000000,0.0000000000,0.0000000000,675.61,25,0.00
0.0000000000,0.0000000000,0.0000000000,675.52,20,0.00
0.0000000000,0.0000000000,0.0000000000,675.52,15,0.00
0.0000000000,0.0000000000,0.0000000000,675.43,10,0.00
0.0000000000,0.0000000000,0.0000000000,675.43,15,0.00
0.0000000000,0.0000000000,0.0000000000,675.17,10,0.00
0.0000000000,0.0000000000,0.0000000000,675.26,9,0.00
0.0000000000,0.0000000000,0.0000000000,675.35,9,0.00
0.0000000000,0.0000000000,0.0000000000,674.99,5,0.00
0.0000000000,0.0000000000,0.0000000000,675.43,13,0.00
0.0000000000,0.0000000000,0.0000000000,674.90,19,0.00
0.0000000000,0.0000000000,0.0000000000,675.35,4,0.00
0.0000000000,0.0000000000,0.0000000000,674.99,12,0.00
0.0000000000,0.0000000000,0.0000000000,675.52,7,0.00
0.0000000000,0.0000000000,0.0000000000,675.79,5,0.00
0.0000000000,0.0000000000,0.0000000000,674.81,5,0.00
0.0000000000,0.0000000000,0.0000000000,674.63,12,0.00
0.0000000000,0.0000000000,0.0000000000,675.61,8,0.00
0.0000000000,0.0000000000,0.0000000000,675.17,5,0.00
0.0000000000,0.0000000000,0.0000000000,675.26,10,0.00
0.0000000000,0.0000000000,0.0000000000,675.35,5,0.00
0.0000000000,0.0000000000,0.0000000000,675.79,5,0.00
0.0000000000,0.0000000000,0.0000000000,677.12,22,0.00
0.0000000000,0.0000000000,0.0000000000,676.68,4,0.00
0.0000000000,0.0000000000,0.0000000000,677.57,12,0.00
0.0000000000,0.0000000000,0.0000000000,677.83,10,0.00
0.0000000000,0.0000000000,0.0000000000,677.66,35,0.00
0.0000000000,0.0000000000,0.0000000000,678.63,44,0.00
0.0000000000,0.0000000000,0.0000000000,678.90,58,0.00
0.0000000000,0.0000000000,0.0000000000,678.99,68,0.00
0.0000000000,0.0000000000,0.0000000000,679.70,75,0.00
0.0000000000,0.0000000000,0.0000000000,679.88,92,0.00
0.0000000000,0.0000000000,0.0000000000,680.50,105,0.00
0.0000000000,0.0000000000,0.0000000000,680.95,113,0.00
0.0000000000,0.0000000000,0.0000000000,682.64,126,0.00
0.0000000000,0.0000000000,0.0000000000,682.46,133,0.00
0.0000000000,0.0000000000,0.0000000000,683.17,140,0.00
0.0000000000,0.0000000000,0.0000000000,682.99,151,0.00
0.0000000000,0.0000000000,0.0000000000,683.79,158,0.00
0.0000000000,0.0000000000,0.0000000000,683.97,162,0.00
0.0000000000,0.0000000000,0.0000000000,683.88,166,0.00
0.0000000000,0.0000000000,0.0000000000,683.97,164,0.00
0.0000000000,0.0000000000,0.0000000000,683.26,164,0.00
0.0000000000,0.0000000000,0.0000000000,683.70,162,0.00
0.0000000000,0.0000000000,0.0000000000,683.70,161,0.00
0.0000000000,0.0000000000,0.0000000000,682.90,162,0.00
0.0000000000,0.0000000000,0.0000000000,683.17,158,0.00
0.0000000000,0.0000000000,0.0000000000,683.17,158,0.00
0.0000000000,0.0000000000,0.0000000000,683.35,157,0.00
0.0000000000,0.0000000000,0.0000000000,683.17,157,0.00
0.0000000000,0.0000000000,0.0000000000,682.55,156,0.00
0.0000000000,0.0000000000,0.0000000000,682.99,157,0.00
0.0000000000,0.0000000000,0.0000000000,682.64,157,0.00
0.0000000000,0.0000000000,0.0000000000,682.90,158,0.00
0.0000000000,0.0000000000,0.0000000000,682.99,159,0.00
0.0000000000,0.0000000000,0.0000000000,682.72,160,0.00
0.0000000000,0.0000000000,0.0000000000,682.99,163,0.00
0.0000000000,0.0000000000,0.0000000000,682.55,165,0.00
0.0000000000,0.0000000000,0.0000000000,683.08,169,0.00
0.0000000000,0.0000000000,0.0000000000,682.64,172,0.00
0.0000000000,0.0000000000,0.0000000000,682.81,176,0.00
0.0000000000,0.0000000000,0.0000000000,683.26,178,0.00
0.0000000000,0.0000000000,0.0000000000,682.99,179,0.00
0.0000000000,0.0000000000,0.0000000000,683.35,180,0.00
0.0000000000,0.0000000000,0.0000000000,683.08,179,0.00
0.0000000000,0.0000000000,0.0000000000,683.61,176,0.00
0.0000000000,0.0000000000,0.0000000000,683.53,177,0.00
0.0000000000,0.0000000000,0.0000000000,682.99,175,0.00
0.0000000000,0.0000000000,0.0000000000,683.35,170,0.00
0.0000000000,0.0000000000,0.0000000000,683.88,172,0.00
0.0000000000,0.0000000000,0.0000000000,683.70,169,0.00
0.0000000000,0.0000000000,0.0000000000,683.44,169,0.00
0.0000000000,0.0000000000,0.0000000000,684.06,171,0.00
0.0000000000,0.0000000000,0.0000000000,683.70,168,0.00
0.0000000000,0.0000000000,0.0000000000,683.17,171,0.00
0.0000000000,0.0000000000,0.0000000000,683.79,170,0.00
0.0000000000,0.0000000000,0.0000000000,683.97,172,0.00
0.0000000000,0.0000000000,0.0000000000,684.33,171,0.00
0.0000000000,0.0000000000,0.0000000000,684.24,170,0.00
0.0000000000,0.0000000000,0.0000000000,684.24,171,0.00
0.0000000000,0.0000000000,0.0000000000,684.33,173,0.00
0.0000000000,0.0000000000,0.0000000000,683.97,170,0.00
0.0000000000,0.0000000000,0.0000000000,683.97,171,0.00
0.0000000000,0.0000000000,0.0000000000,684.15,171,0.00
0.0000000000,0.0000000000,0.0000000000,683.79,171,0.00
0.0000000000,0.0000000000,0.0000000000,683.61,170,0.00
0.0000000000,0.0000000000,0.0000000000,683.70,169,0.00
0.0000000000,0.0000000000,0.0000000000,683.70,171,0.00
0.0000000000,0.0000000000,0.0000000000,683.97,170,0.00
0.0000000000,0.0000000000,0.0000000000,683.61,170,0.00
0.0000000000,0.0000000000,0.0000000000,683.79,170,0.00
0.0000000000,0.0000000000,0.0000000000,684.24,169,0.00
0.0000000000,0.0000000000,0.0000000000,683.79,169,0.00
0.0000000000,0.0000000000,0.0000000000,683.79,168,0.00
0.0000000000,0.0000000000,0.0000000000,683.79,169,0.00
0.0000000000,0.0000000000,0.0000000000,683.70,168,0.00
0.0000000000,0.0000000000,0.0000000000,683.61,169,0.00
0.0000000000,0.0000000000,0.0000000000,683.35,169,0.00
0.0000000000,0.0000000000,0.0000000000,683.70,169,0.00
0.0000000000,0.0000000000,0.0000000000,683.70,170,0.00
0.0000000000,0.0000000000,0.0000000000,683.44,170,0.00
0.0000000000,0.0000000000,0.0000000000,683.17,170,0.00
0.0000000000,0.0000000000,0.0000000000,683.44,170,0.00
0.0000000000,0.0000000000,0.0000000000,683.35,170,0.00
0.0000000000,0.0000000000,0.0000000000,683.35,169,0.00
0.0000000000,0.0000000000,0.0000000000,683.70,169,0.00
0.0000000000,0.0000000000,0.0000000000,683.53,170,0.00
0.0000000000,0.0000000000,0.0000000000,683.26,169,0.00
0.0000000000,0.0000000000,0.0000000000,683.26,171,0.00
0.0000000000,0.0000000000,0.0000000000,682.99,169,0.00
0.0000000000,0.0000000000,0.0000000000,683.17,171,0.00
0.0000000000,0.0000000000,0.0000000000,682.99,170,0.00
0.0000000000,0.0000000000,0.0000000000,683.61,170,0.00
0.0000000000,0.0000000000,0.0000000000,683.61,171,0.00
0.0000000000,0.0000000000,0.0000000000,682.72,171,0.00
0.0000000000,0.0000000000,0.0000000000,683.08,170,0.00
0.0000000000,0.0000000000,0.0000000000,683.08,169,0.00
0.0000000000,0.0000000000,0.0000000000,682.72,169,0.00
0.0000000000,0.0000000000,0.0000000000,682.90,168,0.00
0.0000000000,0.0000000000,0.0000000000,683.35,169,0.00
0.0000000000,0.0000000000,0.0000000000,683.61,165,0.00
0.0000000000,0.0000000000,0.0000000000,683.79,166,0.00
0.0000000000,0.0000000000,0.0000000000,683.70,165,0.00
0.0000000000,0.0000000000,0.0000000000,683.61,164,0.00
0.0000000000,0.0000000000,0.0000000000,683.88,164,0.00
0.0000000000,0.0000000000,0.0000000000,683.70,165,0.00
0.0000000000,0.0000000000,0.0000000000,683.17,163,0.00
0.0000000000,0.0000000000,0.0000000000,683.61,164,0.00
0.0000000000,0.0000000000,0.0000000000,683.17,165,0.00
0.0000000000,0.0000000000,0.0000000000,682.99,165,0.00
0.0000000000,0.0000000000,0.0000000000,683.17,164,0.00
0.0000000000,0.0000000000,0.0000000000,684.15,165,0.00
0.0000000000,0.0000000000,0.0000000000,683.97,169,0.00
0.0000000000,0.0000000000,0.0000000000,683.79,168,0.00
0.0000000000,0.0000000000,0.0000000000,684.06,168,0.00
0.0000000000,0.0000000000,0.0000000000,684.15,169,0.00
0.0000000000,0.0000000000,0.0000000000,683.97,170,0.00
0.0000000000,0.0000000000,0.0000000000,683.08,170,0.00
0.0000000000,0.0000000000,0.0000000000,683.97,171,0.00
0.0000000000,0.0000000000,0.0000000000,683.79,171,0.00
0.0000000000,0.0000000000,0.0000000000,684.24,170,0.00
0.0000000000,0.0000000000,0.0000000000,684.41,172,0.00
0.0000000000,0.0000000000,0.0000000000,683.79,171,0.00
0.0000000000,0.0000000000,0.0000000000,684.06,171,0.00
0.0000000000,0.0000000000,0.0000000000,683.35,171,0.00
0.0000000000,0.0000000000,0.0000000000,683.97,172,0.00
0.0000000000,0.0000000000,0.0000000000,684.24,173,0.00
0.0000000000,0.0000000000,0.0000000000,683.97,173,0.00
0.0000000000,0.0000000000,0.0000000000,684.15,173,0.00
0.0000000000,0.0000000000,0.0000000000,683.97,172,0.00
0.0000000000,0.0000000000,0.0000000000,684.41,173,0.00
0.0000000000,0.0000000000,0.0000000000,684.06,172,0.00
0.0000000000,0.0000000000,0.0000000000,683.88,172,0.00
0.0000000000,0.0000000000,0.0000000000,683.70,171,0.00
0.0000000000,0.0000000000,0.0000000000,683.88,172,0.00
0.0000000000,0.0000000000,0.0000000000,683.79,172,0.00
0.0000000000,0.0000000000,0.0000000000,683.88,173,0.00
0.0000000000,0.0000000000,0.0000000000,684.06,172,0.00
0.0000000000,0.0000000000,0.0000000000,684.15,172,0.00
0.0000000000,0.0000000000,0.0000000000,683.88,173,0.00
0.0000000000,0.0000000000,0.0000000000,683.88,173,0.00
0.0000000000,0.0000000000,0.0000000000,683.97,173,0.00
0.0000000000,0.0000000000,0.0000000000,683.88,171,0.00
0.0000000000,0.0000000000,0.0000000000,683.97,171,0.00
0.0000000000,0.0000000000,0.0000000000,684.06,173,0.00
0.0000000000,0.0000000000,0.0000000000,684.06,170,0.00
0.0000000000,0.0000000000,0.0000000000,683.79,172,0.00
0.0000000000,0.0000000000,0.0000000000,683.79,172,0.00
0.0000000000,0.0000000000,0.0000000000,683.88,172,0.00
0.0000000000,0.0000000000,0.0000000000,683.61,170,0.00
0.0000000000,0.0000000000,0.0000000000,683.79,171,0.00
0.0000000000,0.0000000000,0.0000000000,684.06,171,0.00
0.0000000000,0.0000000000,0.0000000000,683.35,172,0.00
0.0000000000,0.0000000000,0.0000000000,683.61,170,0.00
0.0000000000,0.0000000000,0.0000000000,683.35,170,0.00
0.0000000000,0.0000000000,0.0000000000,683.70,172,0.00
0.0000000000,0.0000000000,0.0000000000,683.35,172,0.00
0.0000000000,0.0000000000,0.0000000000,683.44,172,0.00
0.0000000000,0.0000000000,0.0000000000,683.61,171,0.00
0.0000000000,0.0000000000,0.0000000000,683.53,171,0.00
0.0000000000,0.0000000000,0.0000000000,683.53,172,0.00
0.0000000000,0.0000000000,0.0000000000,683.79,172,0.00
0.0000000000,0.0000000000,0.0000000000,683.79,172,0.00
0.0000000000,0.0000000000,0.0000000000,683.79,171,0.00
0.0000000000,0.0000000000,0.0000000000,683.35,171,0.00
0.0000000000,0.0000000000,0.0000000000,683.44,172,0.00
0.0000000000,0.0000000000,0.0000000000,683.44,172,0.00
0.0000000000,0.0000000000,0.0000000000,684.15,172,0.00
0.0000000000,0.0000000000,0.0000000000,683.17,173,0.00
0.0000000000,0.0000000000,0.0000000000,683.79,171,0.00
0.0000000000,0.0000000000,0.0000000000,683.53,172,0.00
0.0000000000,0.0000000000,0.0000000000,683.26,171,0.00
0.0000000000,0.0000000000,0.0000000000,683.35,172,0.00
0.0000000000,0.0000000000,0.0000000000,683.26,172,0.00
0.0000000000,0.0000000000,0.0000000000,683.26,174,0.00
0.0000000000,0.0000000000,0.0000000000,683.17,172,0.00
0.0000000000,0.0000000000,0.0000000000,683.44,172,0.00
0.0000000000,0.0000000000,0.0000000000,683.44,173,0.00
0.0000000000,0.0000000000,0.0000000000,683.61,171,0.00
0.0000000000,0.0000000000,0.0000000000,683.44,174,0.00
0.0000000000,0.0000000000,0.0000000000,683.61,174,0.00
0.0000000000,0.0000000000,0.0000000000,683.35,173,0.00
0.0000000000,0.0000000000,0.0000000000,683.61,173,0.00
0.0000000000,0.0000000000,0.0000000000,683.88,170,0.00
0.0000000000,0.0000000000,0.0000000000,683.61,171,0.00
0.0000000000,0.0000000000,0.0000000000,683.53,171,0.00
0.0000000000,0.0000000000,0.0000000000,683.53,172,0.00
0.0000000000,0.0000000000,0.0000000000,683.53,171,0.00
0.0000000000,0.0000000000,0.0000000000,683.61,173,0.00
0.0000000000,0.0000000000,0.0000000000,683.88,172,0.00
0.0000000000,0.0000000000,0.0000000000,683.53,173,0.00
0.0000000000,0.0000000000,0.0000000000,683.97,170,0.00
0.0000000000,0.0000000000,0.0000000000,683.88,171,0.00
0.0000000000,0.0000000000,0.0000000000,683.79,171,0.00
0.0000000000,0.0000000000,0.0000000000,682.99,170,0.00
0.0000000000,0.0000000000,0.0000000000,683.88,170,0.00
0.0000000000,0.0000000000,0.0000000000,683.35,171,0.00
0.0000000000,0.0000000000,0.0000000000,683.44,172,0.00
0.0000000000,0.0000000000,0.0000000000,683.61,171,0.00
0.0000000000,0.0000000000,0.0000000000,683.70,170,0.00
0.0000000000,0.0000000000,0.0000000000,683.79,169,0.00
0.0000000000,0.0000000000,0.0000000000,683.79,168,0.00
0.0000000000,0.0000000000,0.0000000000,683.35,169,0.00
0.0000000000,0.0000000000,0.0000000000,683.44,167,0.00
0.0000000000,0.0000000000,0.0000000000,683.61,165,0.00
0.0000000000,0.0000000000,0.0000000000,683.17,164,0.00
0.0000000000,0.0000000000,0.0000000000,683.26,161,0.00
0.0000000000,0.0000000000,0.0000000000,682.64,157,0.00
0.0000000000,0.0000000000,0.0000000000,683.44,153,0.00
0.0000000000,0.0000000000,0.0000000000,682.81,154,0.00
0.0000000000,0.0000000000,0.0000000000,683.08,152,0.00
0.0000000000,0.0000000000,0.0000000000,682.81,150,0.00
0.0000000000,0.0000000000,0.0000000000,682.64,149,0.00
0.0000000000,0.0000000000,0.0000000000,682.55,145,0.00
0.0000000000,0.0000000000,0.0000000000,682.10,144,0.00
0.0000000000,0.0000000000,0.0000000000,682.19,141,0.00
0.0000000000,0.0000000000,0.0000000000,682.10,141,0.00
0.0000000000,0.0000000000,0.0000000000,681.92,137,0.00
0.0000000000,0.0000000000,0.0000000000,681.48,133,0.00
0.0000000000,0.0000000000,0.0000000000,680.95,132,0.00
0.0000000000,0.0000000000,0.0000000000,680.59,128,0.00
0.0000000000,0.0000000000,0.0000000000,680.50,127,0.00
0.0000000000,0.0000000000,0.0000000000,680.41,128,0.00
0.0000000000,0.0000000000,0.0000000000,680.32,127,0.00
0.0000000000,0.0000000000,0.0000000000,680.41,128,0.00
0.0000000000,0.0000000000,0.0000000000,681.39,131,0.00
0.0000000000,0.0000000000,0.0000000000,681.92,131,0.00
0.0000000000,0.0000000000,0.0000000000,682.01,133,0.00
0.0000000000,0.0000000000,0.0000000000,681.66,132,0.00
0.0000000000,0.0000000000,0.0000000000,681.48,135,0.00
0.0000000000,0.0000000000,0.0000000000,682.01,136,0.00
0.0000000000,0.0000000000,0.0000000000,682.01,137,0.00
0.0000000000,0.0000000000,0.0000000000,681.75,139,0.00
0.0000000000,0.0000000000,0.0000000000,681.66,139,0.00
0.0000000000,0.0000000000,0.0000000000,681.84,140,0.00
0.0000000000,0.0000000000,0.0000000000,681.39,140,0.00
0.0000000000,0.0000000000,0.0000000000,681.12,140,0.00
0.0000000000,0.0000000000,0.0000000000,681.12,140,0.00
0.0000000000,0.0000000000,0.0000000000,681.04,141,0.00
0.0000000000,0.0000000000,0.0000000000,681.57,141,0.00
0.0000000000,0.0000000000,0.0000000000,681.48,139,0.00
0.0000000000,0.0000000000,0.0000000000,681.04,140,0.00
0.0000000000,0.0000000000,0.0000000000,680.23,140,0.00
0.0000000000,0.0000000000,0.0000000000,680.41,140,0.00
0.0000000000,0.0000000000,0.0000000000,680.32,140,0.00
0.0000000000,0.0000000000,0.0000000000,680.32,140,0.00
0.0000000000,0.0000000000,0.0000000000,680.23,139,0.00
0.0000000000,0.0000000000,0.0000000000,680.32,139,0.00
0.0000000000,0.0000000000,0.0000000000,680.32,141,0.00
0.0000000000,0.0000000000,0.0000000000,680.06,139,0.00
0.0000000000,0.0000000000,0.0000000000,680.50,141,0.00
0.0000000000,0.0000000000,0.0000000000,680.95,142,0.00
0.0000000000,0.0000000000,0.0000000000,680.50,141,0.00
0.0000000000,0.0000000000,0.0000000000,680.77,143,0.00
0.0000000000,0.0000000000,0.0000000000,681.48,144,0.00
0.0000000000,0.0000000000,0.0000000000,681.12,145,0.00
0.0000000000,0.0000000000,0.0000000000,681.84,146,0.00
0.0000000000,0.0000000000,0.0000000000,681.92,147,0.00
0.0000000000,0.0000000000,0.0000000000,681.39,148,0.00
0.0000000000,0.0000000000,0.0000000000,681.75,147,0.00
0.0000000000,0.0000000000,0.0000000000,681.75,150,0.00
0.0000000000,0.0000000000,0.0000000000,681.66,150,0.00
0.0000000000,0.0000000000,0.0000000000,681.84,149,0.00
0.0000000000,0.0000000000,0.0000000000,682.19,151,0.00
0.0000000000,0.0000000000,0.0000000000,681.75,154,0.00
0.0000000000,0.0000000000,0.0000000000,682.99,152,0.00
0.0000000000,0.0000000000,0.0000000000,682.64,152,0.00
0.0000000000,0.0000000000,0.0000000000,682.72,152,0.00
0.0000000000,0.0000000000,0.0000000000,682.37,153,0.00
0.0000000000,0.0000000000,0.0000000000,682.64,154,0.00
0.0000000000,0.0000000000,0.0000000000,682.46,151,0.00
0.0000000000,0.0000000000,0.0000000000,682.37,150,0.00
0.0000000000,0.0000000000,0.0000000000,681.57,151,0.00
0.0000000000,0.0000000000,0.0000000000,680.95,151,0.00
0.0000000000,0.0000000000,0.0000000000,680.32,149,0.00
0.0000000000,0.0000000000,0.0000000000,679.88,149,0.00
0.0000000000,0.0000000000,0.0000000000,679.88,149,0.00
0.0000000000,0.0000000000,0.0000000000,680.32,149,0.00
0.0000000000,0.0000000000,0.0000000000,681.39,147,0.00
0.0000000000,0.0000000000,0.0000000000,681.66,148,0.00
0.0000000000,0.0000000000,0.0000000000,682.28,148,0.00
0.0000000000,0.0000000000,0.0000000000,681.57,147,0.00
0.0000000000,0.0000000000,0.0000000000,682.01,148,0.00
0.0000000000,0.0000000000,0.0000000000,681.66,148,0.00
0.0000000000,0.0000000000,0.0000000000,681.66,147,0.00
0.0000000000,0.0000000000,0.0000000000,681.84,145,0.00
0.0000000000,0.0000000000,0.0000000000,682.55,150,0.00
0.0000000000,0.0000000000,0.0000000000,682.72,147,0.00
0.0000000000,0.0000000000,0.0000000000,682.99,150,0.00
0.0000000000,0.0000000000,0.0000000000,683.61,152,0.00
0.0000000000,0.0000000000,0.0000000000,683.08,151,0.00
0.0000000000,0.0000000000,0.0000000000,683.44,151,0.00
0.0000000000,0.0000000000,0.0000000000,682.72,150,0.00
0.0000000000,0.0000000000,0.0000000000,682.81,150,0.00
0.0000000000,0.0000000000,0.0000000000,682.19,148,0.00
0.0000000000,0.0000000000,0.0000000000,682.19,149,0.00
0.0000000000,0.0000000000,0.0000000000,682.81,147,0.00
0.0000000000,0.0000000000,0.0000000000,682.72,148,0.00
0.0000000000,0.0000000000,0.0000000000,682.10,150,0.00
0.0000000000,0.0000000000,0.0000000000,682.37,147,0.00
0.0000000000,0.0000000000,0.0000000000,682.55,150,0.00
0.0000000000,0.0000000000,0.0000000000,682.64,148,0.00
0.0000000000,0.0000000000,0.0000000000,682.55,150,0.00
0.0000000000,0.0000000000,0.0000000000,682.46,148,0.00
0.0000000000,0.0000000000,0.0000000000,682.46,146,0.00
0.0000000000,0.0000000000,0.0000000000,681.92,147,0.00
0.0000000000,0.0000000000,0.0000000000,682.10,147,0.00
0.0000000000,0.0000000000,0.0000000000,682.28,146,0.00
0.0000000000,0.0000000000,0.0000000000,682.28,144,0.00
0.0000000000,0.0000000000,0.0000000000,682.01,142,0.00
0.0000000000,0.0000000000,0.0000000000,681.57,142,0.00
0.0000000000,0.0000000000,0.0000000000,681.48,139,0.00
0.0000000000,0.0000000000,0.0000000000,681.48,139,0.00
0.0000000000,0.0000000000,0.0000000000,681.57,138,0.00
0.0000000000,0.0000000000,0.0000000000,680.86,132,0.00
0.0000000000,0.0000000000,0.0000000000,681.48,130,0.00
0.0000000000,0.0000000000,0.0000000000,681.92,127,0.00
0.0000000000,0.0000000000,0.0000000000,681.12,122,0.00
0.0000000000,0.0000000000,0.0000000000,681.92,116,0.00
0.0000000000,0.0000000000,0.0000000000,681.75,109,0.00
0.0000000000,0.0000000000,0.0000000000,681.57,100,0.00
0.0000000000,0.0000000000,0.0000000000,680.86,93,0.00
0.0000000000,0.0000000000,0.0000000000,681.12,83,0.00
0.0000000000,0.0000000000,0.0000000000,681.66,71,0.00
0.0000000000,0.0000000000,0.0000000000,682.10,64,0.00
0.0000000000,0.0000000000,0.0000000000,683.79,59,0.00
0.0000000000,0.0000000000,0.0000000000,682.10,55,0.00
0.0000000000,0.0000000000,0.0000000000,679.97,47,0.00
0.0000000000,0.0000000000,0.0000000000,680.77,35,0.00
0.0000000000,0.0000000000,0.0000000000,679.70,38,0.00
0.0000000000,0.0000000000,0.0000000000,679.79,52,0.00
0.0000000000,0.0000000000,0.0000000000,679.61,14,0.00
0.0000000000,0.0000000000,0.0000000000,679.52,17,0.00
0.0000000000,0.0000000000,0.0000000000,680.15,14,0.00
0.0000000000,0.0000000000,0.0000000000,687.80,29,0.00
0.0000000000,0.0000000000,0.0000000000,681.66,5,0.00
0.0000000000,0.0000000000,0.0000000000,681.48,5,0.00
0.0000000000,0.0000000000,0.0000000000,691.36,4,0.00
0.0000000000,0.0000000000,0.0000000000,680.23,5,0.00
0.0000000000,0.0000000000,0.0000000000,679.43,10,0.00
0.0000000000,0.0000000000,0.0000000000,679.08,1,0.00
0.0000000000,0.0000000000,0.0000000000,679.70,25,0.00
0.0000000000,0.0000000000,0.0000000000,692.51,1,0.00
0.0000000000,0.0000000000,0.0000000000,684.06,1,0.00
0.0000000000,0.0000000000,0.0000000000,688.69,1,0.00
0.0000000000,0.0000000000,0.0000000000,684.06,1,0.00
0.0000000000,0.0000000000,0.0000000000,692.96,1,0.00
0.0000000000,0.0000000000,0.0000000000,691.09,1,0.00
0.0000000000,0.0000000000,0.0000000000,685.84,1,0.00
0.0000000000,0.0000000000,0.0000000000,683.35,1,0.00
0.0000000000,0.0000000000,0.0000000000,688.86,1,0.00
0.0000000000,0.0000000000,0.0000000000,689.13,1,0.00
0.0000000000,0.0000000000,0.0000000000,687.97,1,0.00
0.0000000000,0.0000000000,0.0000000000,689.84,1,0.00
0.0000000000,0.0000000000,0.0000000000,688.69,1,0.00
0.0000000000,0.0000000000,0.0000000000,688.15,1,0.00
0.0000000000,0.0000000000,0.0000000000,690.20,1,0.00
0.0000000000,0.0000000000,0.0000000000,688.24,1,0.00
0.0000000000,0.0000000000,0.0000000000,689.13,1,0.00
0.0000000000,0.0000000000,0.0000000000,688.95,1,0.00
0.0000000000,0.0000000000,0.0000000000,688.95,1,0.00
0.0000000000,0.0000000000,0.0000000000,689.31,1,0.00
0.0000000000,0.0000000000,0.0000000000,688.51,1,0.00
0.0000000000,0.0000000000,0.0000000000,688.51,1,0.00
0.0000000000,0.0000000000,0.0000000000,688.77,1,0.00
0.0000000000,0.0000000000,0.0000000000,688.77,1,0.00
0.0000000000,0.0000000000,0.0000000000,689.13,1,0.00
0.0000000000,0.0000000000,0.0000000000,689.22,1,0.00
0.0000000000,0.0000000000,0.0000000000,689.40,1,0.00
0.0000000000,0.0000000000,0.0000000000,689.49,1,0.00
0.0000000000,0.0000000000,0.0000000000,689.40,1,0.00
0.0000000000,0.0000000000,0.0000000000,688.42,1,0.00
0.0000000000,0.0000000000,0.0000000000,688.95,1,0.00
0.0000000000,0.0000000000,0.0000000000,689.04,1,0.00
0.0000000000,0.0000000000,0.0000000000,688.42,1,0.00
0.0000000000,0.0000000000,0.0000000000,688.33,1,0.00
0.0000000000,0.0000000000,0.0000000000,682.46,1,0.00
0.0000000000,0.0000000000,0.0000000000,678.37,1,0.00
0.0000000000,0.0000000000,0.0000000000,679.17,1,0.00
0.0000000000,0.0000000000,0.0000000000,680.77,1,0.00
0.0000000000,0.0000000000,0.0000000000,678.28,7,0.00
0.0000000000,0.0000000000,0.0000000000,678.55,5,0.00
0.0000000000,0.0000000000,0.0000000000,684.77,5,0.00
0.0000000000,0.0000000000,0.0000000000,693.05,9,0.00
0.0000000000,0.0000000000,0.0000000000,679.43,5,0.00
0.0000000000,0.0000000000,0.0000000000,678.99,5,0.00
0.0000000000,0.0000000000,0.0000000000,679.26,27,0.00
0.0000000000,0.0000000000,0.0000000000,679.08,44,0.00
0.0000000000,0.0000000000,0.0000000000,678.81,57,0.00
0.0000000000,0.0000000000,0.0000000000,679.26,73,0.00
0.0000000000,0.0000000000,0.0000000000,678.37,90,0.00
0.0000000000,0.0000000000,0.0000000000,679.26,84,0.00
0.0000000000,0.0000000000,0.0000000000,680.32,85,0.00
0.0000000000,0.0000000000,0.0000000000,682.01,86,0.00
0.0000000000,0.0000000000,0.0000000000,683.79,146,0.00
0.0000000000,0.0000000000,0.0000000000,687.00,168,0.00
0.0000000000,0.0000000000,0.0000000000,689.22,166,0.00
0.0000000000,0.0000000000,0.0000000000,691.36,166,0.00
0.0000000000,0.0000000000,0.0000000000,691.98,172,0.00
0.0000000000,0.0000000000,0.0000000000,691.27,264,0.00
0.0000000000,0.0000000000,0.0000000000,691.27,257,0.00
0.0000000000,0.0000000000,0.0000000000,691.80,275,0.00
0.0000000000,0.0000000000,0.0000000000,691.36,148,0.00
0.0000000000,0.0000000000,0.0000000000,691.53,145,0.00
0.0000000000,0.0000000000,0.0000000000,694.47,144,0.00
0.0000000000,0.0000000000,0.0000000000,707.84,143,0.00
0.0000000000,0.0000000000,0.0000000000,730.51,142,0.00
0.0000000000,0.0000000000,0.0000000000,722.74,141,0.00
0.0000000000,0.0000000000,0.0000000000,700.71,141,0.00
0.0000000000,0.0000000000,0.0000000000,696.88,157,0.00
0.0000000000,0.0000000000,0.0000000000,699.37,453,0.00
0.0000000000,0.0000000000,0.0000000000,739.27,450,0.00
0.0000000000,0.0000000000,0.0000000000,771.69,442,0.00
0.0000000000,0.0000000000,0.0000000000,769.36,435,0.00
0.0000000000,0.0000000000,0.0000000000,688.51,431,0.00
0.0000000000,0.0000000000,0.0000000000,684.33,441,0.00
0.0000000000,0.0000000000,0.0000000000,683.61,445,0.00
0.0000000000,0.0000000000,0.0000000000,683.17,448,0.00
0.0000000000,0.0000000000,0.0000000000,682.81,456,0.00
0.0000000000,0.0000000000,0.0000000000,681.92,472,0.00
0.0000000000,0.0000000000,0.0000000000,682.28,476,0.00
0.0000000000,0.0000000000,0.0000000000,682.28,490,0.00
0.0000000000,0.0000000000,0.0000000000,683.08,506,0.00
0.0000000000,0.0000000000,0.0000000000,682.72,508,0.00
0.0000000000,0.0000000000,0.0000000000,683.61,516,0.00
0.0000000000,0.0000000000,0.0000000000,682.72,529,0.00
0.0000000000,0.0000000000,0.0000000000,682.64,540,0.00
0.0000000000,0.0000000000,0.0000000000,682.46,534,0.00
0.0000000000,0.0000000000,0.0000000000,682.55,512,0.00
0.0000000000,0.0000000000,0.0000000000,682.28,509,0.00
0.0000000000,0.0000000000,0.0000000000,682.72,499,0.00
0.0000000000,0.0000000000,0.0000000000,682.64,495,0.00
0.0000000000,0.0000000000,0.0000000000,682.72,495,0.00
0.0000000000,0.0000000000,0.0000000000,682.64,55,0.00
0.0000000000,0.0000000000,0.0000000000,683.17,40,0.00
0.0000000000,0.0000000000,0.0000000000,682.90,34,0.00
0.0000000000,0.0000000000,0.0000000000,682.64,4,0.00
0.0000000000,0.0000000000,0.0000000000,682.28,4,0.00
0.0000000000,0.0000000000,0.0000000000,681.39,25,0.00
0.0000000000,0.0000000000,0.0000000000,681.57,29,0.00
0.0000000000,0.0000000000,0.0000000000,681.66,37,0.00
0.0000000000,0.0000000000,0.0000000000,681.92,40,0.00
0.0000000000,0.0000000000,0.0000000000,681.92,35,0.00
0.0000000000,0.0000000000,0.0000000000,684.24,35,0.00
0.0000000000,0.0000000000,0.0000000000,680.86,35,0.00
0.0000000000,0.0000000000,0.0000000000,681.12,38,0.00
0.0000000000,0.0000000000,0.0000000000,680.15,47,0.00
0.0000000000,0.0000000000,0.0000000000,680.32,579,0.00
0.0000000000,0.0000000000,0.0000000000,680.77,563,0.00
0.0000000000,0.0000000000,0.0000000000,680.50,568,0.00
0.0000000000,0.0000000000,0.0000000000,680.68,580,0.00
0.0000000000,0.0000000000,0.0000000000,714.88,593,0.00
0.0000000000,0.0000000000,0.0000000000,680.50,613,0.00
0.0000000000,0.0000000000,0.0000000000,682.01,626,0.00
0.0000000000,0.0000000000,0.0000000000,681.66,626,0.00
0.0000000000,0.0000000000,0.0000000000,681.84,603,0.00
0.0000000000,0.0000000000,0.0000000000,682.72,607,0.00
0.0000000000,0.0000000000,0.0000000000,684.95,570,0.00
0.0000000000,0.0000000000,0.0000000000,680.41,561,0.00
0.0000000000,0.0000000000,0.0000000000,681.48,558,0.00
0.0000000000,0.0000000000,0.0000000000,682.01,563,0.00
0.0000000000,0.0000000000,0.0000000000,682.28,562,0.00
0.0000000000,0.0000000000,0.0000000000,682.10,562,0.00
0.0000000000,0.0000000000,0.0000000000,682.99,553,0.00
0.0000000000,0.0000000000,0.0000000000,690.29,559,0.00
0.0000000000,0.0000000000,0.0000000000,706.23,554,0.00
0.0000000000,0.0000000000,0.0000000000,687.44,554,0.00
0.0000000000,0.0000000000,0.0000000000,681.66,556,0.00
0.0000000000,0.0000000000,0.0000000000,681.75,560,0.00
