29.90,634.10,22
29.90,634.28,22
30.00,633.75,20
30.00,634.28,19
30.00,634.37,19
30.00,634.37,20
30.00,633.92,19
30.00,633.92,19
30.00,634.37,17
30.00,633.75,24
30.00,634.10,23
30.00,633.75,25
30.00,634.19,27
30.00,634.19,25
30.00,634.37,27
30.00,633.84,27
30.00,633.84,25
30.00,633.57,24
30.00,633.66,24
30.00,633.75,27
30.00,633.84,19
30.00,634.01,14
30.10,634.19,20
30.10,633.75,19
30.00,633.57,17
30.00,634.10,18
30.00,634.45,20
30.00,634.37,17
30.10,634.54,18
30.00,633.92,19
30.10,634.72,20
30.00,634.37,22
30.10,634.63,20
30.10,633.84,23
30.10,633.57,19
30.10,633.39,22
30.10,633.66,24
30.10,633.48,22
30.10,633.48,20
30.10,633.66,23
30.10,634.01,22
30.10,633.84,20
30.10,633.84,20
30.10,633.75,17
30.10,633.92,20
30.10,634.10,22
30.10,634.10,20
30.10,634.54,27
30.10,634.19,24
30.10,634.19,23
30.10,634.19,24
30.10,634.28,20
30.10,633.48,19
30.10,634.37,13
30.10,633.92,22
30.10,633.48,20
30.10,633.57,15
30.10,633.48,19
30.10,633.92,22
30.10,633.66,22
30.10,633.66,19
30.10,633.39,20
30.10,633.04,25
30.10,633.66,20
30.10,633.84,25
30.10,633.39,23
30.10,633.84,20
30.10,633.57,18
30.10,633.84,20
30.10,633.48,22
30.10,633.57,20
30.10,633.39,22
30.10,633.66,22
30.10,633.57,23
30.10,633.75,20
30.10,633.22,25
30.10,633.75,22
30.10,633.66,24
30.10,633.75,22
30.10,634.01,23
30.10,633.04,23
30.10,633.39,23
30.10,633.57,20
30.10,633.48,24
30.10,633.92,22
30.10,633.92,22
30.10,633.66,20
30.10,633.84,22
30.10,633.66,22
30.10,633.75,24
30.10,633.84,22
30.10,633.57,25
30.10,633.48,22
30.10,633.75,18
30.10,633.75,23
30.10,633.39,15
30.10,633.48,24
30.10,633.75,22
30.10,633.57,23
30.10,633.48,20
30.10,633.39,20
30.10,633.92,22
30.10,633.39,19
30.10,633.39,19
30.20,633.66,23
30.20,633.30,22
30.20,633.48,24
30.20,633.30,18
30.20,633.57,19
30.20,633.30,23
30.20,633.75,18
30.20,633.22,23
30.20,633.66,23
30.20,633.84,24
30.20,633.30,23
30.20,633.75,15
30.20,633.22,13
30.20,633.57,5
30.20,633.39,17
30.20,633.66,19
30.20,633.75,17
30.20,634.28,17
30.20,633.66,20
30.20,633.84,18
30.20,633.92,22
30.20,633.22,20
30.20,633.30,19
30.20,633.66,23
30.20,633.48,24
30.20,633.39,30
30.20,633.22,27
30.20,633.22,32
30.20,632.68,32
30.20,633.22,33
30.20,633.22,35
30.20,633.48,38
30.20,633.66,43
30.20,633.66,47
30.20,633.92,49
30.20,633.22,48
30.20,633.92,51
30.20,634.10,48
30.20,633.39,50
30.20,633.13,45
30.20,633.22,45
30.20,633.39,45
30.20,633.75,50
30.20,633.22,48
30.20,633.48,47
30.20,633.30,51
30.20,632.95,48
30.20,632.86,48
30.20,632.68,51
30.20,633.13,55
30.20,633.39,57
30.30,632.68,57
30.30,632.33,59
30.30,631.98,60
30.30,631.98,60
30.30,632.33,60
30.30,632.15,62
30.30,632.33,62
30.30,632.07,60
30.30,632.07,63
30.30,631.62,63
30.30,632.15,63
30.30,632.42,64
30.30,632.24,63
30.30,631.71,1087
30.30,632.07,1071
30.30,632.60,1064
30.30,632.51,1081
30.30,632.68,1063
30.30,632.77,2087
30.30,633.04,2133
30.30,632.95,2109
30.30,632.60,2085
30.30,633.13,2105
30.30,633.30,2091
30.30,632.68,1
30.20,633.39,2110
30.20,634.63,2102
30.30,634.01,2105
30.30,634.28,2105
30.30,633.84,1
30.30,633.48,9
30.30,632.86,5
30.30,632.95,5
30.30,633.22,7
30.30,633.66,12
30.30,632.95,24
30.30,633.39,10
30.30,632.60,14
30.30,633.66,10
30.30,633.22,18
30.30,633.22,15
30.30,632.77,15
30.30,632.86,1
30.30,633.04,4
30.30,632.77,15
30.40,632.51,17
30.30,633.22,12
30.30,633.22,9
30.30,632.68,10
30.30,633.22,9
30.30,633.57,8
30.30,634.01,17
30.30,633.57,35
30.30,633.84,5
30.30,632.77,22
30.30,632.86,23
30.30,632.77,19
30.30,632.60,5
30.30,632.33,1
30.40,632.51,13
30.30,632.51,5
30.30,633.30,22
30.30,634.10,14
30.30,634.10,23
30.30,634.19,7
30.30,633.84,43
30.30,633.39,1
30.30,633.57,20
30.30,633.66,7
30.30,633.57,4
30.30,633.39,9
30.30,633.57,10
30.30,633.39,9
30.30,633.92,12
30.30,634.37,17
30.30,633.48,14
30.30,634.10,17
30.30,633.92,15
30.30,633.57,25
30.30,633.57,5
30.30,634.10,15
30.30,634.28,5
30.30,634.01,24
30.30,634.10,8
30.30,634.63,19
30.30,634.45,10
30.30,634.54,7
30.30,634.19,10
30.20,634.54,8
30.30,634.37,20
30.30,634.72,15
30.20,634.37,13
30.30,634.54,5
30.30,634.54,5
30.30,635.07,5
30.30,634.63,5
30.30,634.81,5
